Date,Open,High,Low,Close,Adj Close,Volume
2019-08-08,6.8125,7.650000095367432,6.53000020980835,6.784999847412109,6.784999847412109,7098800
2019-08-09,6.775000095367432,7.184999942779541,6.625,7.010000228881836,7.010000228881836,1450600
2019-08-12,7.025000095367432,7.119999885559082,6.875,6.875,6.875,748400
2019-08-13,6.875,7.25,6.755000114440918,7.0,7.0,1197200
2019-08-14,8.710000038146973,8.75,7.78000020980835,8.125,8.125,4425200
2019-08-15,8.53499984741211,9.359999656677246,8.53499984741211,9.125,9.125,3887800
2019-08-16,9.3100004196167,10.0,8.914999961853027,9.949999809265137,9.949999809265137,2386200
2019-08-19,10.425000190734863,11.0,10.125,10.25,10.25,2553000
2019-08-20,10.130000114440918,11.010000228881836,10.100000381469727,10.925000190734863,10.925000190734863,1273000
2019-08-21,11.220000267028809,11.864999771118164,10.795000076293945,11.300000190734863,11.300000190734863,2263000
2019-08-22,11.244999885559082,11.817999839782715,10.34000015258789,11.390000343322754,11.390000343322754,2156000
2019-08-23,11.199999809265137,11.359999656677246,10.279999732971191,10.305000305175781,10.305000305175781,1125600
2019-08-26,10.5,10.824999809265137,10.015000343322754,10.774999618530273,10.774999618530273,1049000
2019-08-27,10.914999961853027,11.449999809265137,10.414999961853027,10.704999923706055,10.704999923706055,886000
2019-08-28,10.699999809265137,11.175000190734863,10.505000114440918,10.800000190734863,10.800000190734863,1561800
2019-08-29,11.125,11.25,10.640000343322754,10.824999809265137,10.824999809265137,1253000
2019-08-30,10.864999771118164,10.975000381469727,9.630000114440918,9.949999809265137,9.949999809265137,1722200
2019-09-03,10.125,11.295000076293945,10.125,11.194999694824219,11.194999694824219,2453000
2019-09-04,11.505000114440918,12.925000190734863,11.505000114440918,12.635000228881836,12.635000228881836,5401000
2019-09-05,13.34000015258789,13.725000381469727,12.765000343322754,13.359999656677246,13.359999656677246,3477800
2019-09-06,13.220000267028809,13.269499778747559,12.0649995803833,12.069999694824219,12.069999694824219,2107800
2019-09-09,12.5600004196167,13.984999656677246,12.1899995803833,13.024999618530273,13.024999618530273,4966600
2019-09-10,12.949999809265137,13.263999938964844,12.375,12.600000381469727,12.600000381469727,1691400
2019-09-11,12.850000381469727,13.970000267028809,12.609999656677246,13.420000076293945,13.420000076293945,2112200
2019-09-12,13.5,13.744999885559082,12.893500328063965,13.670000076293945,13.670000076293945,1557400
2019-09-13,13.6899995803833,14.619999885559082,13.324999809265137,14.239999771118164,14.239999771118164,2922200
2019-09-16,14.234999656677246,14.6899995803833,13.524999618530273,13.765000343322754,13.765000343322754,1797200
2019-09-17,13.824999809265137,14.170000076293945,13.031000137329102,13.739999771118164,13.739999771118164,1106800
2019-09-18,13.670000076293945,14.126999855041504,13.61299991607666,13.875,13.875,1095400
2019-09-19,14.005000114440918,14.04800033569336,13.265000343322754,13.645000457763672,13.645000457763672,752400
2019-09-20,13.640000343322754,13.75,12.25,13.03499984741211,13.03499984741211,1638200
2019-09-23,12.944999694824219,13.635000228881836,12.75,13.53499984741211,13.53499984741211,834800
2019-09-24,13.600000381469727,13.970000267028809,13.050000190734863,13.369999885559082,13.369999885559082,1346800
2019-09-25,13.180000305175781,13.550000190734863,12.614999771118164,13.510000228881836,13.510000228881836,954800
2019-09-26,13.619999885559082,13.869999885559082,13.055000305175781,13.239999771118164,13.239999771118164,1254600
2019-09-27,13.109999656677246,13.3149995803833,10.614999771118164,11.119999885559082,11.119999885559082,4570200
2019-09-30,11.079999923706055,11.362500190734863,10.050000190734863,10.755000114440918,10.755000114440918,1946800
2019-10-01,10.71500015258789,11.399999618530273,10.505000114440918,11.255000114440918,11.255000114440918,1258800
2019-10-02,11.21500015258789,11.288000106811523,10.595000267028809,11.010000228881836,11.010000228881836,1114200
2019-10-03,11.039999961853027,11.640000343322754,10.430000305175781,11.255000114440918,11.255000114440918,1348600
2019-10-04,11.25,12.350000381469727,11.130000114440918,12.265000343322754,12.265000343322754,1230600
2019-10-07,13.024999618530273,13.15999984741211,11.75,12.015000343322754,12.015000343322754,1658200
2019-10-08,11.835000038146973,11.890000343322754,11.425000190734863,11.5,11.5,690000
2019-10-09,11.675000190734863,12.21500015258789,11.475000381469727,11.850000381469727,11.850000381469727,837000
2019-10-10,11.895000457763672,12.175000190734863,11.65999984741211,11.760000228881836,11.760000228881836,653400
2019-10-11,11.84000015258789,12.425000190734863,11.609999656677246,12.180000305175781,12.180000305175781,951000
2019-10-14,12.899999618530273,13.678500175476074,12.625,13.585000038146973,13.585000038146973,2491200
2019-10-15,13.970000267028809,14.12399959564209,12.847000122070312,12.979999542236328,12.979999542236328,2514600
2019-10-16,12.880000114440918,13.3725004196167,12.500499725341797,12.574999809265137,12.574999809265137,944400
2019-10-17,12.600000381469727,13.298999786376953,12.5600004196167,13.015000343322754,13.015000343322754,1111200
2019-10-18,13.095000267028809,13.289999961853027,12.604999542236328,12.975000381469727,12.975000381469727,1224400
2019-10-21,13.175000190734863,14.050000190734863,12.84000015258789,13.78499984741211,13.78499984741211,1751800
2019-10-22,13.779999732971191,15.407500267028809,13.765000343322754,14.90999984741211,14.90999984741211,4668600
2019-10-23,14.9350004196167,16.040000915527344,14.625,15.404999732971191,15.404999732971191,2472200
2019-10-24,15.640000343322754,16.0,14.96500015258789,15.104999542236328,15.104999542236328,1988400
2019-10-25,15.0,15.895000457763672,14.789999961853027,15.75,15.75,1493000
2019-10-28,16.040000915527344,16.249500274658203,14.949999809265137,15.635000228881836,15.635000228881836,1575000
2019-10-29,15.619999885559082,16.247499465942383,15.25,15.34000015258789,15.34000015258789,1255400
2019-10-30,15.305000305175781,15.899999618530273,15.305000305175781,15.829999923706055,15.829999923706055,796400
2019-10-31,15.75,15.944999694824219,14.800000190734863,15.380000114440918,15.380000114440918,1171200
2019-11-01,15.444999694824219,16.1200008392334,15.229999542236328,16.049999237060547,16.049999237060547,1368000
2019-11-04,16.5,17.5,16.375,16.985000610351562,16.985000610351562,3308400
2019-11-05,19.30500030517578,21.0,18.25,20.329999923706055,20.329999923706055,6710800
2019-11-06,19.635000228881836,20.636499404907227,18.674999237060547,19.43000030517578,19.43000030517578,3153000
2019-11-07,19.5,21.0,19.5,20.80500030517578,20.80500030517578,3022400
2019-11-08,21.0,21.821500778198242,19.850000381469727,20.219999313354492,20.219999313354492,2669400
2019-11-11,20.239999771118164,23.11750030517578,20.229999542236328,22.704999923706055,22.704999923706055,3771800
2019-11-12,23.174999237060547,23.6200008392334,21.40999984741211,21.975000381469727,21.975000381469727,3188400
2019-11-13,21.93000030517578,22.5,20.549999237060547,21.600000381469727,21.600000381469727,2463200
2019-11-14,21.329999923706055,23.739999771118164,21.25,22.950000762939453,22.950000762939453,2351600
2019-11-15,23.344999313354492,25.0,23.05500030517578,24.719999313354492,24.719999313354492,2847400
2019-11-18,25.520000457763672,29.3799991607666,25.024999618530273,26.114999771118164,26.114999771118164,7145000
2019-11-19,27.344999313354492,28.375,26.288000106811523,27.920000076293945,27.920000076293945,2981200
2019-11-20,27.559999465942383,28.0,26.1299991607666,26.34000015258789,26.34000015258789,3195600
2019-11-21,27.155000686645508,27.299999237060547,20.7450008392334,23.329999923706055,23.329999923706055,7718800
2019-11-22,22.0049991607666,22.8700008392334,20.149999618530273,20.774999618530273,20.774999618530273,4131000
2019-11-25,21.05500030517578,24.075000762939453,20.924999237060547,23.829999923706055,23.829999923706055,3758200
2019-11-26,25.010000228881836,25.934999465942383,24.125,25.7450008392334,25.7450008392334,2894400
2019-11-27,25.700000762939453,27.450000762939453,24.610000610351562,27.31999969482422,27.31999969482422,2759600
2019-11-29,26.5,26.5,24.270000457763672,25.329999923706055,25.329999923706055,1962800
2019-12-02,25.405000686645508,25.864999771118164,23.5,24.5049991607666,24.5049991607666,2833200
2019-12-03,23.235000610351562,24.725000381469727,21.90999984741211,21.9950008392334,21.9950008392334,4386200
2019-12-04,23.014999389648438,23.05500030517578,20.625,21.440000534057617,21.440000534057617,4533800
2019-12-05,21.364999771118164,21.934999465942383,20.575000762939453,21.78499984741211,21.78499984741211,2625400
2019-12-06,22.43000030517578,23.709999084472656,22.0,23.709999084472656,23.709999084472656,3637800
2019-12-09,23.760000228881836,24.0,21.25,21.350000381469727,21.350000381469727,3541400
2019-12-10,21.510000228881836,22.524999618530273,20.55500030517578,22.200000762939453,22.200000762939453,2855400
2019-12-11,22.020000457763672,22.824499130249023,21.1200008392334,21.325000762939453,21.325000762939453,2801600
2019-12-12,21.225000381469727,21.5,19.0,19.475000381469727,19.475000381469727,5711400
2019-12-13,19.725000381469727,19.875,19.020000457763672,19.420000076293945,19.420000076293945,1943800
2019-12-16,19.735000610351562,21.100000381469727,19.424999237060547,20.90999984741211,20.90999984741211,3285600
2019-12-17,21.219999313354492,22.25,20.3799991607666,21.600000381469727,21.600000381469727,4043200
2019-12-18,21.704999923706055,22.0,20.510000228881836,21.049999237060547,21.049999237060547,2560000
2019-12-19,21.024999618530273,22.565000534057617,20.88050079345703,22.21500015258789,22.21500015258789,3633000
2019-12-20,22.774999618530273,22.799999237060547,20.614999771118164,20.75,20.75,3170200
2019-12-23,21.239999771118164,21.416500091552734,20.075000762939453,20.28499984741211,20.28499984741211,3545600
2019-12-24,20.219999313354492,20.499500274658203,18.1299991607666,19.145000457763672,19.145000457763672,4056200
2019-12-26,19.225000381469727,19.65999984741211,18.325000762939453,19.040000915527344,19.040000915527344,3247400
2019-12-27,18.950000762939453,20.075000762939453,18.5049991607666,19.510000228881836,19.510000228881836,2795800
2019-12-30,19.6200008392334,19.690000534057617,18.7549991607666,19.260000228881836,19.260000228881836,1759200
2019-12-31,19.024999618530273,19.725000381469727,19.024999618530273,19.600000381469727,19.600000381469727,1711000
2020-01-02,20.0,20.2450008392334,18.915000915527344,19.05500030517578,19.05500030517578,2126000
2020-01-03,18.389999389648438,19.073999404907227,17.299999237060547,18.424999237060547,18.424999237060547,2263000
2020-01-06,17.94499969482422,18.25,17.375,17.520000457763672,17.520000457763672,3056400
2020-01-07,17.610000610351562,19.459999084472656,17.5,19.0049991607666,19.0049991607666,3140200
2020-01-08,19.045000076293945,19.329999923706055,18.399999618530273,19.020000457763672,19.020000457763672,1766200
2020-01-09,19.309999465942383,20.75,19.25,20.614999771118164,20.614999771118164,3835000
2020-01-10,20.875,22.225000381469727,20.875,21.06999969482422,21.06999969482422,5432200
2020-01-13,21.415000915527344,22.674999237060547,21.375,22.3700008392334,22.3700008392334,3692800
2020-01-14,22.454999923706055,22.975000381469727,19.899999618530273,20.7450008392334,20.7450008392334,4451600
2020-01-15,20.875,21.829999923706055,20.690000534057617,21.18000030517578,21.18000030517578,2060800
2020-01-16,21.325000762939453,22.484500885009766,21.280000686645508,22.360000610351562,22.360000610351562,2427000
2020-01-17,22.559999465942383,23.588499069213867,21.780000686645508,22.524999618530273,22.524999618530273,4004400
2020-01-21,22.524999618530273,23.655000686645508,22.5,23.4950008392334,23.4950008392334,2873000
2020-01-22,23.875,23.975000381469727,22.579999923706055,23.075000762939453,23.075000762939453,2176800
2020-01-23,24.0,25.549999237060547,23.550500869750977,24.875,24.875,6129400
2020-01-24,25.635000228881836,26.600000381469727,23.299999237060547,24.450000762939453,24.450000762939453,5246600
2020-01-27,23.024999618530273,24.100000381469727,21.950000762939453,21.950000762939453,21.950000762939453,3683600
2020-01-28,23.114999771118164,23.774999618530273,22.523000717163086,23.635000228881836,23.635000228881836,3125400
2020-01-29,24.0,24.75,23.55500030517578,24.114999771118164,24.114999771118164,1847800
2020-01-30,23.385000228881836,23.749500274658203,22.5,23.274999618530273,23.274999618530273,1840600
2020-01-31,22.829999923706055,23.0,21.25,21.665000915527344,21.665000915527344,2403000
2020-02-03,21.8700008392334,22.454999923706055,21.31999969482422,22.25,22.25,1698200
2020-02-04,22.975000381469727,24.434999465942383,22.975000381469727,24.434999465942383,24.434999465942383,2776400
2020-02-05,24.75,24.985000610351562,21.957000732421875,22.209999084472656,22.209999084472656,4980600
2020-02-06,22.170000076293945,22.75,21.280000686645508,21.454999923706055,21.454999923706055,3063400
2020-02-07,21.299999237060547,21.5,20.514999389648438,21.405000686645508,21.405000686645508,2723800
2020-02-10,21.299999237060547,22.600000381469727,21.155000686645508,22.594999313354492,22.594999313354492,2007400
2020-02-11,22.774999618530273,22.950000762939453,21.854999542236328,22.825000762939453,22.825000762939453,2150200
2020-02-12,23.0,23.125,21.799999237060547,22.084999084472656,22.084999084472656,2156400
2020-02-13,21.704999923706055,22.399999618530273,21.325000762939453,22.06999969482422,22.06999969482422,2059800
2020-02-14,22.149999618530273,22.399999618530273,21.719999313354492,21.979999542236328,21.979999542236328,1941400
2020-02-18,23.549999237060547,24.299999237060547,20.0049991607666,20.344999313354492,20.344999313354492,15079400
2020-02-19,20.315000534057617,20.649999618530273,19.1299991607666,19.53499984741211,19.53499984741211,6565000
2020-02-20,19.270000457763672,20.849000930786133,19.200000762939453,19.979999542236328,19.979999542236328,4328800
2020-02-21,19.600000381469727,20.190000534057617,19.165000915527344,19.5,19.5,3511200
2020-02-24,17.684999465942383,18.594999313354492,17.125,17.969999313354492,17.969999313354492,4244400
2020-02-25,18.5,18.625,16.049999237060547,16.81999969482422,16.81999969482422,5777600
2020-02-26,16.854999542236328,17.934999465942383,16.549999237060547,17.139999389648438,17.139999389648438,5589000
2020-02-27,15.859999656677246,16.639999389648438,15.414999961853027,16.459999084472656,16.459999084472656,4589000
2020-02-28,15.25,16.829999923706055,15.069999694824219,16.469999313354492,16.469999313354492,3480400
2020-03-02,16.7549991607666,17.0,15.75,16.4950008392334,16.4950008392334,3108000
2020-03-03,16.34000015258789,16.875,14.654999732971191,14.6899995803833,14.6899995803833,3330200
2020-03-04,15.454999923706055,16.350000381469727,14.550000190734863,16.350000381469727,16.350000381469727,4579000
2020-03-05,15.380000114440918,16.19499969482422,15.319999694824219,15.595000267028809,15.595000267028809,1944000
2020-03-06,14.925000190734863,16.174999237060547,14.899999618530273,15.880000114440918,15.880000114440918,1858200
2020-03-09,14.0,14.5,13.5,13.789999961853027,13.789999961853027,3259000
2020-03-10,14.625,14.704999923706055,13.074999809265137,13.789999961853027,13.789999961853027,1803800
2020-03-11,13.100000381469727,13.600000381469727,12.079999923706055,12.199999809265137,12.199999809265137,3005200
2020-03-12,9.625,11.25,9.625,10.024999618530273,10.024999618530273,4177000
2020-03-13,10.649999618530273,10.944000244140625,8.975000381469727,9.845000267028809,9.845000267028809,2529600
2020-03-16,8.46500015258789,8.954999923706055,7.900000095367432,7.920000076293945,7.920000076293945,2371000
2020-03-17,8.0,8.734999656677246,7.375,7.429999828338623,7.429999828338623,3176200
2020-03-18,6.989999771118164,7.949999809265137,6.570000171661377,7.860000133514404,7.860000133514404,3273000
2020-03-19,7.914999961853027,9.73449993133545,7.645500183105469,8.914999961853027,8.914999961853027,2523800
2020-03-20,9.324999809265137,9.75,8.300000190734863,8.630000114440918,8.630000114440918,2335200
2020-03-23,8.479999542236328,9.0,7.900000095367432,8.979999542236328,8.979999542236328,1920800
2020-03-24,9.600000381469727,10.449999809265137,9.279999732971191,10.289999961853027,10.289999961853027,2190200
2020-03-25,10.15999984741211,11.734999656677246,9.755000114440918,11.359999656677246,11.359999656677246,2454200
2020-03-26,11.4350004196167,13.430000305175781,11.434499740600586,12.175000190734863,12.175000190734863,3047800
2020-03-27,11.675000190734863,11.744999885559082,10.75,11.020000457763672,11.020000457763672,2178600
2020-03-30,11.029999732971191,11.194999694824219,10.145000457763672,10.520000457763672,10.520000457763672,1509600
2020-03-31,10.300000190734863,11.050000190734863,9.734999656677246,10.75,10.75,1476600
2020-04-01,10.0,10.694999694824219,9.632499694824219,9.960000038146973,9.960000038146973,1128000
2020-04-02,10.005000114440918,10.484999656677246,9.774999618530273,10.305000305175781,10.305000305175781,761000
2020-04-03,10.125,10.661499977111816,9.604999542236328,9.675000190734863,9.675000190734863,1192600
2020-04-06,10.270000457763672,11.25,10.255000114440918,11.085000038146973,11.085000038146973,1776000
2020-04-07,11.649999618530273,12.170000076293945,10.78499984741211,10.989999771118164,10.989999771118164,2236400
2020-04-08,11.229999542236328,12.059000015258789,11.015000343322754,11.739999771118164,11.739999771118164,2248400
2020-04-09,12.0649995803833,12.470499992370605,11.805000305175781,12.25,12.25,2579200
2020-04-13,12.225000381469727,12.279999732971191,11.524999618530273,12.229999542236328,12.229999542236328,1182400
2020-04-14,12.5649995803833,13.164999961853027,12.28499984741211,12.470000267028809,12.470000267028809,2344200
2020-04-15,11.9350004196167,12.25,11.359999656677246,11.954999923706055,11.954999923706055,1856800
2020-04-16,12.0,12.079999923706055,11.0,11.350000381469727,11.350000381469727,1301400
2020-04-17,12.020000457763672,12.694999694824219,11.744000434875488,12.210000038146973,12.210000038146973,1638600
2020-04-20,12.0,12.619000434875488,11.869999885559082,12.255000114440918,12.255000114440918,1266800
2020-04-21,11.975000381469727,12.25,11.175000190734863,11.425000190734863,11.425000190734863,1221800
2020-04-22,11.649999618530273,12.06350040435791,11.175000190734863,11.1850004196167,11.1850004196167,1600600
2020-04-23,11.399999618530273,11.59000015258789,11.079999923706055,11.489999771118164,11.489999771118164,1417800
2020-04-24,11.350000381469727,11.508999824523926,11.055000305175781,11.25,11.25,843400
2020-04-27,11.635000228881836,12.46500015258789,11.555000305175781,12.029999732971191,12.029999732971191,1606000
2020-04-28,12.515000343322754,12.515000343322754,11.476499557495117,11.704999923706055,11.704999923706055,1649600
2020-04-29,11.960000038146973,12.770000457763672,11.9399995803833,12.645000457763672,12.645000457763672,2554600
2020-04-30,12.899999618530273,14.270000457763672,12.645000457763672,13.010000228881836,13.010000228881836,4106400
2020-05-01,12.454999923706055,12.728500366210938,11.649999618530273,12.050000190734863,12.050000190734863,2229800
2020-05-04,11.829999923706055,12.1850004196167,11.675000190734863,12.15999984741211,12.15999984741211,1052000
2020-05-05,12.600000381469727,13.194499969482422,12.085000038146973,13.005000114440918,13.005000114440918,2461600
2020-05-06,13.395000457763672,13.449999809265137,11.770000457763672,12.5,12.5,3799600
2020-05-07,12.25,12.619000434875488,11.770000457763672,12.020000457763672,12.020000457763672,2481600
2020-05-08,12.114999771118164,13.0,12.024999618530273,12.9399995803833,12.9399995803833,2365800
2020-05-11,12.579999923706055,14.114999771118164,12.510000228881836,14.09000015258789,14.09000015258789,2875400
2020-05-12,14.170000076293945,14.25,12.934499740600586,13.005000114440918,13.005000114440918,2549000
2020-05-13,12.789999961853027,13.005000114440918,11.5,11.859999656677246,11.859999656677246,2802600
2020-05-14,11.359999656677246,11.954999923706055,10.84000015258789,11.829999923706055,11.829999923706055,1579200
2020-05-15,11.585000038146973,12.295000076293945,11.5,12.029999732971191,12.029999732971191,1204400
2020-05-18,12.529999732971191,13.024499893188477,12.380000114440918,12.954999923706055,12.954999923706055,1592000
2020-05-19,13.0,13.055000305175781,12.625,12.854999542236328,12.854999542236328,1147400
2020-05-20,13.234999656677246,13.744999885559082,13.024999618530273,13.390000343322754,13.390000343322754,1819600
2020-05-21,13.25,13.645000457763672,13.1899995803833,13.515000343322754,13.515000343322754,1158200
2020-05-22,13.475000381469727,13.614999771118164,13.005000114440918,13.100000381469727,13.100000381469727,847400
2020-05-26,13.704999923706055,13.920000076293945,13.300000190734863,13.34000015258789,13.34000015258789,1194000
2020-05-27,13.585000038146973,13.59000015258789,12.800000190734863,13.3149995803833,13.3149995803833,1225400
2020-05-28,13.40999984741211,15.119999885559082,13.133000373840332,14.305000305175781,14.305000305175781,3312800
2020-05-29,14.414999961853027,14.82349967956543,13.925000190734863,14.654999732971191,14.654999732971191,2491600
2020-06-01,14.625,15.385000228881836,14.600000381469727,15.125,15.125,1735600
2020-06-02,15.359999656677246,16.030000686645508,15.069999694824219,15.520000457763672,15.520000457763672,1955000
2020-06-03,15.755000114440918,16.549999237060547,15.755000114440918,16.350000381469727,16.350000381469727,2041800
2020-06-04,16.5,17.450000762939453,16.389999389648438,16.985000610351562,16.985000610351562,2337800
2020-06-05,17.639999389648438,17.700000762939453,16.7549991607666,16.954999923706055,16.954999923706055,2195000
2020-06-08,17.0,17.600000381469727,16.979999542236328,17.4950008392334,17.4950008392334,1339000
2020-06-09,17.149999618530273,17.295000076293945,16.389999389648438,16.565000534057617,16.565000534057617,1268600
2020-06-10,16.604999542236328,16.989999771118164,15.994999885559082,16.315000534057617,16.315000534057617,1281800
2020-06-11,14.90999984741211,15.574999809265137,14.300000190734863,14.430000305175781,14.430000305175781,2494800
2020-06-12,14.960000038146973,15.489999771118164,14.295000076293945,14.895000457763672,14.895000457763672,1058400
2020-06-15,14.350000381469727,15.579999923706055,14.0,15.279999732971191,15.279999732971191,886400
2020-06-16,15.925000190734863,16.06599998474121,15.135000228881836,15.829999923706055,15.829999923706055,1349600
2020-06-17,15.854999542236328,16.05500030517578,15.329999923706055,15.574999809265137,15.574999809265137,843800
2020-06-18,15.270000457763672,15.755000114440918,15.0649995803833,15.404999732971191,15.404999732971191,842600
2020-06-19,15.574999809265137,15.869999885559082,15.170000076293945,15.204999923706055,15.204999923706055,782400
2020-06-22,15.074999809265137,15.484999656677246,14.399999618530273,15.404999732971191,15.404999732971191,1026200
2020-06-23,15.609999656677246,15.710000038146973,15.359999656677246,15.574999809265137,15.574999809265137,724600
2020-06-24,15.194999694824219,15.805000305175781,14.270000457763672,14.944999694824219,14.944999694824219,1558200
2020-06-25,14.850000381469727,14.850000381469727,14.100000381469727,14.279999732971191,14.279999732971191,1498000
2020-06-26,14.25,14.550000190734863,13.854999542236328,13.989999771118164,13.989999771118164,893200
2020-06-29,14.074999809265137,14.149999618530273,13.524999618530273,13.944999694824219,13.944999694824219,913000
2020-06-30,13.819999694824219,14.21500015258789,13.625,14.15999984741211,14.15999984741211,737000
2020-07-01,14.220000267028809,14.244999885559082,13.649999618530273,13.984999656677246,13.984999656677246,964600
2020-07-02,14.260000228881836,14.52750015258789,13.949999809265137,14.03499984741211,14.03499984741211,1117800
2020-07-06,14.34000015258789,15.489999771118164,14.114999771118164,15.15999984741211,15.15999984741211,1595000
2020-07-07,15.024999618530273,15.119999885559082,14.180000305175781,14.270000457763672,14.270000457763672,1101600
2020-07-08,14.234999656677246,14.510000228881836,13.944999694824219,14.329999923706055,14.329999923706055,753600
2020-07-09,14.329999923706055,14.489999771118164,13.279999732971191,13.335000038146973,13.335000038146973,1590000
2020-07-10,13.199999809265137,13.28499984741211,12.399999618530273,12.90999984741211,12.90999984741211,1912600
2020-07-13,14.0600004196167,15.5,14.03499984741211,14.274999618530273,14.274999618530273,4337200
2020-07-14,14.824999809265137,16.2450008392334,14.524999618530273,16.18000030517578,16.18000030517578,4205400
2020-07-15,16.795000076293945,17.420000076293945,16.3700008392334,17.209999084472656,17.209999084472656,4152400
2020-07-16,16.44499969482422,17.549999237060547,16.3700008392334,17.235000610351562,17.235000610351562,1888400
2020-07-17,17.375,17.375,16.420000076293945,17.104999542236328,17.104999542236328,1613000
2020-07-20,17.2549991607666,18.260000228881836,16.940000534057617,17.799999237060547,17.799999237060547,2122800
2020-07-21,17.954999923706055,18.040000915527344,16.514999389648438,16.864999771118164,16.864999771118164,2317600
2020-07-22,16.809999465942383,16.985000610351562,15.835000038146973,16.135000228881836,16.135000228881836,1627800
2020-07-23,16.2549991607666,16.977500915527344,16.05500030517578,16.329999923706055,16.329999923706055,1170600
2020-07-24,16.065000534057617,16.146499633789062,15.539999961853027,15.895000457763672,15.895000457763672,1207000
2020-07-27,16.125,16.360000610351562,15.701000213623047,16.31999969482422,16.31999969482422,1376200
2020-07-28,16.209999084472656,16.299999237060547,15.835000038146973,15.875,15.875,502000
2020-07-29,15.979999542236328,16.2450008392334,15.930000305175781,16.030000686645508,16.030000686645508,499800
2020-07-30,15.729999542236328,16.40999984741211,15.324999809265137,16.385000228881836,16.385000228881836,725000
2020-07-31,16.405000686645508,16.815000534057617,15.96500015258789,16.18000030517578,16.18000030517578,834000
2020-08-03,16.18000030517578,16.829999923706055,16.165000915527344,16.75,16.75,930800
2020-08-04,16.6200008392334,16.666500091552734,16.1200008392334,16.459999084472656,16.459999084472656,1134200
2020-08-05,16.559999465942383,17.84000015258789,16.030000686645508,16.165000915527344,16.165000915527344,2732200
2020-08-06,16.0049991607666,16.19499969482422,15.4399995803833,15.520000457763672,15.520000457763672,1150400
2020-08-07,15.420000076293945,16.100000381469727,15.385000228881836,15.885000228881836,15.885000228881836,640400
2020-08-10,15.864999771118164,16.077999114990234,15.125,15.46500015258789,15.46500015258789,840000
2020-08-11,15.859999656677246,15.899999618530273,15.25,15.5600004196167,15.5600004196167,1033000
2020-08-12,15.595000267028809,15.912500381469727,15.449999809265137,15.6899995803833,15.6899995803833,486600
2020-08-13,15.569999694824219,16.06999969482422,15.239999771118164,15.994999885559082,15.994999885559082,674200
2020-08-14,15.854999542236328,16.295000076293945,15.654999732971191,15.755000114440918,15.755000114440918,590000
2020-08-17,15.942000389099121,16.9424991607666,15.854999542236328,16.81999969482422,16.81999969482422,1723200
2020-08-18,16.850000381469727,17.299999237060547,16.700000762939453,17.0,17.0,1411600
2020-08-19,17.0,17.5,16.924999237060547,17.190000534057617,17.190000534057617,1598200
2020-08-20,17.024999618530273,17.25,16.31999969482422,16.434999465942383,16.434999465942383,1112600
2020-08-21,17.012500762939453,17.012500762939453,15.819999694824219,15.829999923706055,15.829999923706055,724000
2020-08-24,16.170000076293945,16.170000076293945,15.585000038146973,15.725000381469727,15.725000381469727,707200
2020-08-25,15.859999656677246,16.2549991607666,15.630000114440918,16.19499969482422,16.19499969482422,755400
2020-08-26,16.075000762939453,16.299999237060547,15.640000343322754,16.03499984741211,16.03499984741211,979800
2020-08-27,16.200000762939453,16.41200065612793,15.803999900817871,16.174999237060547,16.174999237060547,685000
2020-08-28,16.135000228881836,16.200000762939453,15.885000228881836,15.904999732971191,15.904999732971191,441800
2020-08-31,15.875,15.979999542236328,15.725000381469727,15.8149995803833,15.8149995803833,576400
2020-09-01,15.655500411987305,15.699999809265137,14.574999809265137,15.399999618530273,15.399999618530273,1780200
2020-09-02,15.779999732971191,17.864999771118164,15.774999618530273,17.780000686645508,17.780000686645508,4723000
2020-09-03,17.274999618530273,18.174999237060547,17.135000228881836,17.420000076293945,17.420000076293945,3859800
2020-09-04,17.274999618530273,17.458999633789062,15.5,16.545000076293945,16.545000076293945,2453600
2020-09-08,16.0,16.565000534057617,15.975000381469727,16.03499984741211,16.03499984741211,849600
2020-09-09,16.15999984741211,17.541000366210938,16.15999984741211,16.924999237060547,16.924999237060547,879800
2020-09-10,16.885000228881836,17.399999618530273,16.7549991607666,16.940000534057617,16.940000534057617,748000
2020-09-11,17.05500030517578,17.5,16.600000381469727,16.96500015258789,16.96500015258789,807000
2020-09-14,17.385000228881836,18.05500030517578,17.2549991607666,18.024999618530273,18.024999618530273,2221600
2020-09-15,18.104999542236328,19.100000381469727,18.104999542236328,18.510000228881836,18.510000228881836,2164400
2020-09-16,18.469999313354492,18.655000686645508,17.584999084472656,18.155000686645508,18.155000686645508,1030200
2020-09-17,17.739999771118164,18.295000076293945,17.5049991607666,18.2549991607666,18.2549991607666,832000
2020-09-18,18.450000762939453,18.514999389648438,17.600000381469727,18.110000610351562,18.110000610351562,983000
2020-09-21,17.6200008392334,17.75,16.959999084472656,17.399999618530273,17.399999618530273,925400
2020-09-22,17.399999618530273,17.684999465942383,17.204999923706055,17.635000228881836,17.635000228881836,538200
2020-09-23,17.635000228881836,18.31999969482422,17.299999237060547,17.729999542236328,17.729999542236328,1093600
2020-09-24,17.440000534057617,17.770000457763672,17.0,17.59000015258789,17.59000015258789,600200
2020-09-25,17.450000762939453,18.399999618530273,17.450000762939453,18.045000076293945,18.045000076293945,1047000
2020-09-28,18.325000762939453,18.389999389648438,17.459999084472656,17.815000534057617,17.815000534057617,573000
2020-09-29,17.8799991607666,18.145000457763672,17.75,17.815000534057617,17.815000534057617,484200
2020-09-30,17.8799991607666,18.920000076293945,17.795000076293945,18.09000015258789,18.09000015258789,1512000
2020-10-01,18.264999389648438,18.815000534057617,17.979999542236328,18.670000076293945,18.670000076293945,889600
2020-10-02,17.885000228881836,18.670000076293945,17.774999618530273,18.350000381469727,18.350000381469727,843400
2020-10-05,18.5,19.0,18.5,18.899999618530273,18.899999618530273,896400
2020-10-06,18.899999618530273,19.225000381469727,18.475000381469727,18.729999542236328,18.729999542236328,795200
2020-10-07,18.9950008392334,19.422000885009766,18.815000534057617,18.854999542236328,18.854999542236328,1145600
2020-10-08,19.21500015258789,20.174999237060547,19.040000915527344,19.575000762939453,19.575000762939453,1749000
2020-10-09,19.809999465942383,19.924999237060547,19.204999923706055,19.84000015258789,19.84000015258789,702800
2020-10-12,20.0,20.040000915527344,19.420000076293945,19.565000534057617,19.565000534057617,786000
2020-10-13,21.43950080871582,22.424999237060547,20.674999237060547,20.844999313354492,20.844999313354492,9737400
2020-10-14,21.079999923706055,21.539499282836914,20.15250015258789,20.3700008392334,20.3700008392334,2771200
2020-10-15,20.229999542236328,20.885000228881836,19.854999542236328,20.155000686645508,20.155000686645508,2015600
2020-10-16,20.165000915527344,20.32349967956543,19.52750015258789,19.850000381469727,19.850000381469727,1640600
2020-10-19,20.0049991607666,20.440000534057617,19.44499969482422,19.545000076293945,19.545000076293945,1277800
2020-10-20,19.825000762939453,20.625,19.7549991607666,20.030000686645508,20.030000686645508,1377200
2020-10-21,20.15999984741211,21.18000030517578,20.15999984741211,21.0049991607666,21.0049991607666,1308000
2020-10-22,20.924999237060547,21.510000228881836,20.415000915527344,20.899999618530273,20.899999618530273,1425400
2020-10-23,20.899999618530273,21.059999465942383,20.309999465942383,20.7450008392334,20.7450008392334,940200
2020-10-26,20.8125,20.854999542236328,19.635000228881836,19.899999618530273,19.899999618530273,1194000
2020-10-27,19.799999237060547,19.899999618530273,19.309999465942383,19.46500015258789,19.46500015258789,1032400
2020-10-28,18.950000762939453,19.149999618530273,18.229999542236328,18.53499984741211,18.53499984741211,1437600
2020-10-29,18.55500030517578,19.125,18.450000762939453,18.799999237060547,18.799999237060547,614200
2020-10-30,18.799999237060547,18.799999237060547,18.020000457763672,18.280000686645508,18.280000686645508,1548800
2020-11-02,18.520000457763672,18.96500015258789,18.385000228881836,18.81999969482422,18.81999969482422,763800
2020-11-03,19.079999923706055,19.825000762939453,18.985000610351562,19.709999084472656,19.709999084472656,646400
2020-11-04,19.969999313354492,20.350000381469727,19.53499984741211,20.084999084472656,20.084999084472656,930400
2020-11-05,20.55500030517578,20.81999969482422,20.270000457763672,20.565000534057617,20.565000534057617,719400
2020-11-06,20.354999542236328,20.860000610351562,19.96500015258789,20.690000534057617,20.690000534057617,865000
2020-11-09,21.594999313354492,22.5,21.454999923706055,21.600000381469727,21.600000381469727,2269600
2020-11-10,21.600000381469727,21.795000076293945,20.68000030517578,21.614999771118164,21.614999771118164,1150400
2020-11-11,21.655000686645508,21.985000610351562,21.0049991607666,21.799999237060547,21.799999237060547,1241600
2020-11-12,22.1299991607666,22.190000534057617,20.25,20.450000762939453,20.450000762939453,2725800
2020-11-13,20.850000381469727,21.375,20.326000213623047,20.950000762939453,20.950000762939453,1614200
2020-11-16,21.200000762939453,21.625,20.7450008392334,20.905000686645508,20.905000686645508,1358600
2020-11-17,20.760000228881836,21.565000534057617,20.344999313354492,21.31999969482422,21.31999969482422,973200
2020-11-18,21.389999389648438,21.600000381469727,21.065000534057617,21.3799991607666,21.3799991607666,642800
2020-11-19,21.43000030517578,22.325000762939453,21.25,22.225000381469727,22.225000381469727,1482800
2020-11-20,22.354999542236328,22.354999542236328,21.219999313354492,21.4950008392334,21.4950008392334,1169200
2020-11-23,21.704999923706055,21.954999923706055,21.395000457763672,21.549999237060547,21.549999237060547,926000
2020-11-24,21.604999542236328,21.889999389648438,21.30500030517578,21.645000457763672,21.645000457763672,1047000
2020-11-25,21.5,22.145000457763672,21.489999771118164,21.795000076293945,21.795000076293945,1176600
2020-11-27,21.940000534057617,22.0,21.56999969482422,21.860000610351562,21.860000610351562,456400
2020-11-30,21.850000381469727,22.100000381469727,21.260000228881836,21.540000915527344,21.540000915527344,933600
2020-12-01,21.514999389648438,22.97450065612793,21.514999389648438,22.40999984741211,22.40999984741211,4399800
2020-12-02,22.5049991607666,22.75,19.56999969482422,20.604999542236328,20.604999542236328,5079400
2020-12-03,20.760000228881836,20.940000534057617,20.350000381469727,20.665000915527344,20.665000915527344,956600
2020-12-04,20.709999084472656,21.489999771118164,20.395000457763672,21.325000762939453,21.325000762939453,1132800
2020-12-07,21.350000381469727,21.482500076293945,20.899999618530273,21.030000686645508,21.030000686645508,734000
2020-12-08,20.940000534057617,21.274999618530273,20.666000366210938,21.165000915527344,21.165000915527344,944600
2020-12-09,21.31999969482422,22.170000076293945,21.225000381469727,21.584999084472656,21.584999084472656,1910200
2020-12-10,21.31999969482422,22.200000762939453,21.260000228881836,22.06999969482422,22.06999969482422,1058600
2020-12-11,22.05500030517578,22.459999084472656,21.719999313354492,22.315000534057617,22.315000534057617,1309200
2020-12-14,22.5,23.55500030517578,22.274999618530273,23.5049991607666,23.5049991607666,3024600
2020-12-15,23.930500030517578,23.9950008392334,22.940000534057617,23.079999923706055,23.079999923706055,2081200
2020-12-16,23.354999542236328,23.360000610351562,22.879499435424805,23.084999084472656,23.084999084472656,643000
2020-12-17,23.114999771118164,23.459999084472656,22.65999984741211,23.270000457763672,23.270000457763672,851400
2020-12-18,23.354999542236328,23.530000686645508,23.0,23.450000762939453,23.450000762939453,813000
2020-12-21,22.950000762939453,23.950000762939453,22.604999542236328,23.850000381469727,23.850000381469727,1017000
2020-12-22,23.950000762939453,24.440000534057617,23.549999237060547,23.739999771118164,23.739999771118164,1197200
2020-12-23,23.895000457763672,23.94499969482422,23.55500030517578,23.69499969482422,23.69499969482422,597400
2020-12-24,23.93000030517578,23.93000030517578,23.530000686645508,23.7450008392334,23.7450008392334,357400
2020-12-28,23.899999618530273,24.0,23.5,23.68000030517578,23.68000030517578,546000
2020-12-29,23.799999237060547,24.190000534057617,23.104999542236328,23.6299991607666,23.6299991607666,626200
2020-12-30,23.639999389648438,24.094999313354492,23.584999084472656,23.739999771118164,23.739999771118164,615000
2020-12-31,23.899999618530273,24.0,23.19499969482422,23.739999771118164,23.739999771118164,443000
2021-01-04,23.985000610351562,24.125,22.649999618530273,23.170000076293945,23.170000076293945,962400
2021-01-05,23.1299991607666,24.18000030517578,22.930500030517578,23.96500015258789,23.96500015258789,1022000
2021-01-06,23.899999618530273,24.177499771118164,23.174999237060547,23.43000030517578,23.43000030517578,1636000
2021-01-07,23.9950008392334,25.0,23.950000762939453,24.80500030517578,24.80500030517578,1666400
2021-01-08,24.895000457763672,25.125,24.28499984741211,25.110000610351562,25.110000610351562,1927400
2021-01-11,25.0,25.075000762939453,24.299999237060547,24.709999084472656,24.709999084472656,608800
2021-01-12,25.125,26.795000076293945,25.125,26.6200008392334,26.6200008392334,3405200
2021-01-13,26.674999237060547,27.684999465942383,26.3799991607666,27.610000610351562,27.610000610351562,2015400
2021-01-14,28.0,29.110000610351562,27.3799991607666,28.315000534057617,28.315000534057617,1878800
2021-01-15,28.0,29.454999923706055,26.924999237060547,28.905000686645508,28.905000686645508,1618400
2021-01-19,29.4950008392334,29.719999313354492,28.655000686645508,28.860000610351562,28.860000610351562,1392000
2021-01-20,29.329999923706055,30.905000686645508,29.25,29.975000381469727,29.975000381469727,1510400
2021-01-21,30.670000076293945,30.75,29.0,29.274999618530273,29.274999618530273,1120000
2021-01-22,28.905000686645508,30.25,28.719999313354492,29.834999084472656,29.834999084472656,818800
2021-01-25,30.315000534057617,30.75,29.2549991607666,30.434999465942383,30.434999465942383,846200
2021-01-26,30.53499984741211,31.098499298095703,30.135499954223633,30.350000381469727,30.350000381469727,884800
2021-01-27,29.502500534057617,30.210500717163086,28.5049991607666,28.924999237060547,28.924999237060547,1351400
2021-01-28,29.30500030517578,30.354999542236328,29.1200008392334,29.905000686645508,29.905000686645508,865600
2021-01-29,29.905000686645508,30.209999084472656,28.829999923706055,29.43000030517578,29.43000030517578,687000
2021-02-01,29.604999542236328,30.729000091552734,29.350000381469727,30.100000381469727,30.100000381469727,704200
2021-02-02,30.68000030517578,32.0,30.649999618530273,31.735000610351562,31.735000610351562,1236800
2021-02-03,32.20500183105469,33.0525016784668,31.75,32.64500045776367,32.64500045776367,1043600
2021-02-04,33.040000915527344,33.494998931884766,32.29999923706055,33.39500045776367,33.39500045776367,604800
2021-02-05,33.67499923706055,33.994998931884766,33.515499114990234,33.8849983215332,33.8849983215332,663000
2021-02-08,34.54999923706055,34.875,34.005001068115234,34.8650016784668,34.8650016784668,1198400
2021-02-09,34.95000076293945,34.95500183105469,33.60499954223633,34.404998779296875,34.404998779296875,1395400
2021-02-10,36.0,36.5,33.54399871826172,34.834999084472656,34.834999084472656,2039200
2021-02-11,33.04050064086914,34.05500030517578,31.209999084472656,33.6349983215332,33.6349983215332,3884600
2021-02-12,34.46500015258789,35.0,33.75,33.98500061035156,33.98500061035156,1519800
2021-02-16,34.439998626708984,35.44499969482422,33.6349983215332,35.029998779296875,35.029998779296875,1657600
2021-02-17,35.0,35.0,33.69499969482422,34.654998779296875,34.654998779296875,1167400
2021-02-18,33.744998931884766,34.5,33.15999984741211,34.150001525878906,34.150001525878906,1623400
2021-02-19,34.34000015258789,35.25,34.0,34.54999923706055,34.54999923706055,2548000
2021-02-22,34.08000183105469,36.20000076293945,33.82500076293945,35.375,35.375,2076000
2021-02-23,33.875,35.38999938964844,32.560001373291016,35.154998779296875,35.154998779296875,2575600
2021-02-24,35.404998779296875,35.69499969482422,34.7599983215332,35.26499938964844,35.26499938964844,1343400
2021-02-25,35.189998626708984,35.3849983215332,33.467498779296875,33.58000183105469,33.58000183105469,1362000
2021-02-26,33.630001068115234,34.9995002746582,32.834999084472656,34.47999954223633,34.47999954223633,1491400
2021-03-01,35.0,36.88949966430664,34.79999923706055,36.150001525878906,36.150001525878906,3439600
2021-03-02,37.05500030517578,38.8125,37.05500030517578,38.30500030517578,38.30500030517578,3615200
2021-03-03,38.21500015258789,38.900001525878906,36.51499938964844,37.7400016784668,37.7400016784668,2325600
2021-03-04,37.02000045776367,37.125,31.84000015258789,33.95000076293945,33.95000076293945,4516400
2021-03-05,34.19499969482422,34.817501068115234,31.101499557495117,33.78499984741211,33.78499984741211,2496600
2021-03-08,33.77000045776367,34.75,31.719999313354492,32.1150016784668,32.1150016784668,1977200
2021-03-09,33.10499954223633,34.72200012207031,32.87049865722656,34.20000076293945,34.20000076293945,1656200
2021-03-10,33.76499938964844,35.5,33.76499938964844,34.29999923706055,34.29999923706055,1535000
2021-03-11,35.4275016784668,37.224998474121094,34.5,36.959999084472656,36.959999084472656,1827000
2021-03-12,36.404998779296875,36.72999954223633,35.060001373291016,36.54999923706055,36.54999923706055,982200
2021-03-15,36.5,36.9900016784668,35.345001220703125,35.654998779296875,35.654998779296875,1141000
2021-03-16,36.0,36.040000915527344,34.244998931884766,34.89500045776367,34.89500045776367,1194400
2021-03-17,34.169498443603516,35.57500076293945,33.154998779296875,35.39500045776367,35.39500045776367,1133400
2021-03-18,34.81549835205078,35.23500061035156,34.400001525878906,34.849998474121094,34.849998474121094,1226800
2021-03-19,35.060001373291016,36.779998779296875,34.14500045776367,35.529998779296875,35.529998779296875,1416800
2021-03-22,36.5,37.5099983215332,36.32749938964844,36.67499923706055,36.67499923706055,1566000
2021-03-23,36.540000915527344,36.744998931884766,35.605499267578125,35.75,35.75,826200
2021-03-24,35.95000076293945,36.117000579833984,33.31999969482422,33.45000076293945,33.45000076293945,1615400
2021-03-25,32.91999816894531,34.10499954223633,31.877500534057617,33.849998474121094,33.849998474121094,1354000
2021-03-26,34.1150016784668,34.2400016784668,32.810001373291016,33.85499954223633,33.85499954223633,767800
2021-03-29,34.040000915527344,34.61000061035156,33.334999084472656,33.720001220703125,33.720001220703125,1032400
2021-03-30,33.779998779296875,35.5,33.505001068115234,35.45000076293945,35.45000076293945,1100000
2021-03-31,35.685001373291016,36.744998931884766,35.685001373291016,36.185001373291016,36.185001373291016,777200
2021-04-01,36.67499923706055,38.30950164794922,36.27000045776367,37.93000030517578,37.93000030517578,1776000
2021-04-05,38.46500015258789,40.0,38.130001068115234,39.869998931884766,39.869998931884766,2084200
2021-04-06,40.0,40.11000061035156,38.970001220703125,39.11000061035156,39.11000061035156,1242000
2021-04-07,39.10499954223633,40.22999954223633,38.36000061035156,39.89500045776367,39.89500045776367,1321600
2021-04-08,40.27000045776367,41.349998474121094,40.04999923706055,40.349998474121094,40.349998474121094,1086000
2021-04-09,40.349998474121094,40.76499938964844,39.75,40.345001220703125,40.345001220703125,648600
2021-04-12,40.686500549316406,42.35200119018555,40.505001068115234,41.38999938964844,41.38999938964844,1610600
2021-04-13,41.5,42.04999923706055,40.630001068115234,41.915000915527344,41.915000915527344,1199200
2021-04-14,42.03900146484375,42.27000045776367,41.5364990234375,41.76499938964844,41.76499938964844,785000
2021-04-15,41.915000915527344,44.29499816894531,41.915000915527344,43.68000030517578,43.68000030517578,3152600
2021-04-16,43.76499938964844,44.08449935913086,42.595001220703125,43.654998779296875,43.654998779296875,1158400
2021-04-19,43.595001220703125,43.849998474121094,42.272499084472656,43.025001525878906,43.025001525878906,831400
2021-04-20,42.845001220703125,43.89500045776367,40.770999908447266,41.994998931884766,41.994998931884766,1206800
2021-04-21,41.599998474121094,44.47999954223633,41.279998779296875,44.13999938964844,44.13999938964844,1087600
2021-04-22,44.3849983215332,44.787498474121094,42.5,43.119998931884766,43.119998931884766,1617400
2021-04-23,43.494998931884766,45.119998931884766,42.755001068115234,43.939998626708984,43.939998626708984,1023800
2021-04-26,44.470001220703125,44.97949981689453,43.79999923706055,44.20000076293945,44.20000076293945,979800
2021-04-27,44.349998474121094,46.189998626708984,44.0724983215332,45.029998779296875,45.029998779296875,1718000
2021-04-28,45.0,45.150001525878906,43.915000915527344,44.42499923706055,44.42499923706055,712200
2021-04-29,45.0,45.11000061035156,42.814998626708984,43.845001220703125,43.845001220703125,730400
2021-04-30,42.70500183105469,43.845001220703125,42.630001068115234,43.165000915527344,43.165000915527344,780600
2021-05-03,43.560001373291016,44.0,42.220001220703125,42.3650016784668,42.3650016784668,745600
2021-05-04,41.19350051879883,42.154998779296875,39.46500015258789,42.06999969482422,42.06999969482422,1854200
2021-05-05,42.73500061035156,42.95600128173828,40.25,40.595001220703125,40.595001220703125,2265600
2021-05-06,40.27750015258789,41.11050033569336,36.939998626708984,37.67499923706055,37.67499923706055,2779400
2021-05-07,38.650001525878906,39.79499816894531,38.060001373291016,38.53499984741211,38.53499984741211,1465400
2021-05-10,38.75,39.0,36.060001373291016,36.2599983215332,36.2599983215332,2224400
2021-05-11,34.88750076293945,37.192501068115234,34.45000076293945,36.92499923706055,36.92499923706055,1835600
2021-05-12,36.20500183105469,36.8650016784668,34.869998931884766,35.29999923706055,35.29999923706055,1406400
2021-05-13,35.790000915527344,36.352500915527344,33.880001068115234,34.39500045776367,34.39500045776367,1477600
2021-05-14,35.0,37.154998779296875,34.7599983215332,37.040000915527344,37.040000915527344,1789200
2021-05-17,36.79999923706055,37.435001373291016,36.099998474121094,37.36750030517578,37.36750030517578,872600
2021-05-18,38.404998779296875,39.285499572753906,37.900001525878906,38.45000076293945,38.45000076293945,1457600
2021-05-19,37.55500030517578,38.564998626708984,37.0,38.51499938964844,38.51499938964844,1142200
2021-05-20,39.040000915527344,39.638999938964844,38.625,39.540000915527344,39.540000915527344,677800
2021-05-21,39.95000076293945,41.33000183105469,39.80500030517578,40.025001525878906,40.025001525878906,1255400
2021-05-24,40.5,41.6349983215332,40.19599914550781,41.39500045776367,41.39500045776367,1309000
2021-05-25,42.20000076293945,42.540000915527344,40.98500061035156,41.3650016784668,41.3650016784668,1188000
2021-05-26,41.69499969482422,42.5525016784668,41.224998474121094,42.18000030517578,42.18000030517578,941600
2021-05-27,42.07500076293945,42.837501525878906,41.11000061035156,42.79499816894531,42.79499816894531,1567000
2021-05-28,42.84000015258789,43.5,42.560001373291016,42.68000030517578,42.68000030517578,959400
2021-06-01,42.61000061035156,42.772499084472656,41.689998626708984,42.45000076293945,42.45000076293945,1071000
2021-06-02,42.45500183105469,42.5,41.44499969482422,41.935001373291016,41.935001373291016,1134200
2021-06-03,41.0,41.39500045776367,39.82500076293945,40.880001068115234,40.880001068115234,1260000
2021-06-04,40.755001068115234,42.79999923706055,40.755001068115234,42.58000183105469,42.58000183105469,1422400
2021-06-07,43.84349822998047,46.95500183105469,43.375,44.72999954223633,44.72999954223633,4403600
2021-06-08,45.84000015258789,45.935001373291016,43.275001525878906,45.16999816894531,45.16999816894531,1662200
2021-06-09,45.654998779296875,46.33549880981445,44.54999923706055,45.14500045776367,45.14500045776367,1165200
2021-06-10,44.91999816894531,45.404998779296875,44.040000915527344,45.15999984741211,45.15999984741211,1014200
2021-06-11,45.5,46.439998626708984,45.165000915527344,46.029998779296875,46.029998779296875,1241400
2021-06-14,46.75,47.2400016784668,45.31999969482422,45.904998779296875,45.904998779296875,1223000
2021-06-15,45.625,45.75,44.01499938964844,44.78499984741211,44.78499984741211,1278400
2021-06-16,44.61000061035156,46.25,44.314998626708984,45.849998474121094,45.849998474121094,1214400
2021-06-17,45.779998779296875,47.52899932861328,45.627498626708984,47.345001220703125,47.345001220703125,1757000
2021-06-18,47.095001220703125,47.29999923706055,45.09000015258789,45.29499816894531,45.29499816894531,2049600
2021-06-21,45.369998931884766,46.79999923706055,44.09000015258789,46.42499923706055,46.42499923706055,1004600
2021-06-22,46.3650016784668,47.5,45.6349983215332,47.314998626708984,47.314998626708984,1014200
2021-06-23,47.75,47.974998474121094,46.599998474121094,47.45000076293945,47.45000076293945,783000
2021-06-24,47.6150016784668,48.349998474121094,46.904998779296875,47.95500183105469,47.95500183105469,677800
2021-06-25,48.0,48.7400016784668,47.290000915527344,48.34000015258789,48.34000015258789,706000
2021-06-28,48.400001525878906,49.060001373291016,47.849998474121094,48.22999954223633,48.22999954223633,615600
2021-06-29,47.97999954223633,48.21099853515625,47.220001220703125,47.595001220703125,47.595001220703125,481600
2021-06-30,47.220001220703125,47.6349983215332,46.5,47.34000015258789,47.34000015258789,654400
2021-07-01,47.35499954223633,47.654998779296875,46.54949951171875,47.255001068115234,47.255001068115234,523800
2021-07-02,47.400001525878906,47.6150016784668,46.310001373291016,47.279998779296875,47.279998779296875,665600
2021-07-06,47.375,47.404998779296875,44.60499954223633,45.82500076293945,45.82500076293945,1398800
2021-07-07,45.76499938964844,46.165000915527344,44.314998626708984,45.57500076293945,45.57500076293945,924000
2021-07-08,43.75,46.775001525878906,43.04999923706055,46.47999954223633,46.47999954223633,1088200
2021-07-09,46.915000915527344,48.36000061035156,46.43000030517578,48.06999969482422,48.06999969482422,895800
2021-07-12,50.39350128173828,54.369998931884766,50.0,54.099998474121094,54.099998474121094,6091200
2021-07-13,54.29499816894531,56.095001220703125,53.23500061035156,54.38999938964844,54.38999938964844,1970800
2021-07-14,54.65999984741211,54.75,51.494998931884766,52.630001068115234,52.630001068115234,1600800
2021-07-15,52.798500061035156,52.798500061035156,50.625,51.2400016784668,51.2400016784668,1165200
2021-07-16,52.130001068115234,52.994998931884766,51.272499084472656,52.89500045776367,52.89500045776367,1351400
2021-07-19,51.439998626708984,53.18000030517578,50.27000045776367,53.05500030517578,53.05500030517578,1561200
2021-07-20,53.20000076293945,55.69499969482422,52.58000183105469,55.185001373291016,55.185001373291016,1611600
2021-07-21,56.0,56.529998779296875,54.16999816894531,56.11000061035156,56.11000061035156,1372400
2021-07-22,56.8650016784668,56.93000030517578,54.255001068115234,54.84000015258789,54.84000015258789,1154000
2021-07-23,55.0,56.13850021362305,54.375,55.915000915527344,55.915000915527344,765800
2021-07-26,56.005001068115234,56.0880012512207,54.05699920654297,54.61000061035156,54.61000061035156,882400
2021-07-27,54.48500061035156,54.834999084472656,53.290000915527344,54.43000030517578,54.43000030517578,1240800
2021-07-28,54.29499816894531,56.029998779296875,52.0,55.369998931884766,55.369998931884766,2475800
2021-07-29,55.345001220703125,58.46500015258789,54.66999816894531,58.01499938964844,58.01499938964844,1697800
2021-07-30,57.474998474121094,58.69499969482422,56.375,56.834999084472656,56.834999084472656,1307200
2021-08-02,57.14500045776367,58.5099983215332,55.900001525878906,57.404998779296875,57.404998779296875,1588200
2021-08-03,57.75,58.154998779296875,56.5,57.595001220703125,57.595001220703125,923400
2021-08-04,57.64500045776367,59.0,57.005001068115234,57.91999816894531,57.91999816894531,758400
2021-08-05,57.915000915527344,58.494998931884766,55.75,57.43000030517578,57.43000030517578,980000
2021-08-06,57.40999984741211,58.13999938964844,56.182498931884766,58.06999969482422,58.06999969482422,682800
2021-08-09,58.3650016784668,58.474998474121094,56.845001220703125,57.130001068115234,57.130001068115234,1057200
2021-08-10,57.2400016784668,57.435001373291016,54.099998474121094,54.56999969482422,54.56999969482422,1518200
2021-08-11,55.0,55.0,51.345001220703125,53.029998779296875,53.029998779296875,2404800
2021-08-12,53.029998779296875,55.8650016784668,52.79999923706055,55.3849983215332,55.3849983215332,1324200
2021-08-13,55.95000076293945,56.01499938964844,53.630001068115234,54.29999923706055,54.29999923706055,749400
2021-08-16,54.27000045776367,54.29999923706055,52.154998779296875,52.505001068115234,52.505001068115234,858800
2021-08-17,52.0,53.85499954223633,51.625,53.80500030517578,53.80500030517578,1116000
2021-08-18,53.85499954223633,55.974998474121094,53.55500030517578,55.345001220703125,55.345001220703125,1148400
2021-08-19,54.185001373291016,59.4900016784668,53.75,57.55500030517578,57.55500030517578,2093000
2021-08-20,57.55500030517578,59.38999938964844,56.61000061035156,59.2599983215332,59.2599983215332,1063000
2021-08-23,60.5,61.459999084472656,59.005001068115234,60.0,60.0,2364600
2021-08-24,60.375,62.14649963378906,59.915000915527344,61.69499969482422,61.69499969482422,1418400
2021-08-25,61.599998474121094,62.625,61.157501220703125,62.064998626708984,62.064998626708984,735200
2021-08-26,62.064998626708984,63.13999938964844,60.27000045776367,62.900001525878906,62.900001525878906,1334800
2021-08-27,63.06999969482422,67.05500030517578,63.06999969482422,65.0,65.0,2172200
2021-08-30,64.88500213623047,66.9749984741211,64.5250015258789,66.49500274658203,66.49500274658203,1395800
2021-08-31,66.50499725341797,67.0999984741211,64.74500274658203,65.44000244140625,65.44000244140625,983000
2021-09-01,65.5,65.96499633789062,64.33999633789062,65.1050033569336,65.1050033569336,802600
2021-09-02,65.5,67.37000274658203,64.35050201416016,66.5999984741211,66.5999984741211,1123200
2021-09-03,66.71749877929688,66.98500061035156,65.625,66.88999938964844,66.88999938964844,474200
2021-09-07,67.21499633789062,69.08499908447266,67.21499633789062,67.86499786376953,67.86499786376953,1172000
2021-09-08,67.5,68.16500091552734,65.8270034790039,66.56999969482422,66.56999969482422,1632200
2021-09-09,66.92250061035156,71.08999633789062,66.26499938964844,68.48500061035156,68.48500061035156,2204200
2021-09-10,69.51000213623047,70.99500274658203,67.94000244140625,68.06999969482422,68.06999969482422,1091400
2021-09-13,68.80999755859375,68.80999755859375,57.7400016784668,61.55500030517578,61.55500030517578,4959000
2021-09-14,61.900001525878906,66.20500183105469,61.75,63.73500061035156,63.73500061035156,1690000
2021-09-15,63.73500061035156,67.6449966430664,63.73500061035156,66.75,66.75,1310200
2021-09-16,66.78500366210938,70.44999694824219,66.56500244140625,70.31500244140625,70.31500244140625,1345000
2021-09-17,72.5,73.36650085449219,69.11000061035156,71.33499908447266,71.33499908447266,2747200
2021-09-20,67.83499908447266,70.7300033569336,65.5,70.625,70.625,2094400
2021-09-21,71.69000244140625,76.29000091552734,71.53500366210938,74.74500274658203,74.74500274658203,2823400
2021-09-22,75.62000274658203,79.04499816894531,74.02999877929688,78.81500244140625,78.81500244140625,2273600
2021-09-23,80.0,87.63500213623047,79.13500213623047,85.5250015258789,85.5250015258789,4932400
2021-09-24,84.8499984741211,89.48999786376953,81.40499877929688,88.23999786376953,88.23999786376953,3399800
2021-09-27,89.86499786376953,90.0,83.27999877929688,85.44000244140625,85.44000244140625,3162600
2021-09-28,81.97000122070312,83.0,67.08499908447266,74.53500366210938,74.53500366210938,7950800
2021-09-29,78.6500015258789,81.26000213623047,75.82050323486328,79.7699966430664,79.7699966430664,3651800
2021-09-30,80.57849884033203,83.98500061035156,78.31999969482422,79.7249984741211,79.7249984741211,2679000
2021-10-01,79.79000091552734,81.69000244140625,73.41999816894531,78.8499984741211,78.8499984741211,2055100
2021-10-04,78.0,78.0,67.33999633789062,68.61000061035156,68.61000061035156,3687800
2021-10-05,69.33999633789062,73.03900146484375,69.0,70.44000244140625,70.44000244140625,2412400
2021-10-06,68.16999816894531,74.0,67.80000305175781,72.75,72.75,2222700
2021-10-07,74.19999694824219,75.49099731445312,72.60199737548828,74.58999633789062,74.58999633789062,2340300
2021-10-08,74.5999984741211,74.87999725341797,68.83999633789062,70.55999755859375,70.55999755859375,2092900
2021-10-11,70.04000091552734,71.43000030517578,68.63999938964844,69.44999694824219,69.44999694824219,1336900
2021-10-12,77.0,78.86000061035156,73.2300033569336,75.44000244140625,75.44000244140625,3830800
2021-10-13,78.3270034790039,86.33000183105469,77.5,85.83000183105469,85.83000183105469,4239400
2021-10-14,87.06999969482422,88.18000030517578,82.41000366210938,85.18000030517578,85.18000030517578,2040000
2021-10-15,85.5999984741211,86.4000015258789,82.62999725341797,83.37000274658203,83.37000274658203,1531900
2021-10-18,83.08000183105469,85.48999786376953,80.70999908447266,85.0199966430664,85.0199966430664,1349700
2021-10-19,85.66000366210938,86.48999786376953,82.22000122070312,84.7699966430664,84.7699966430664,1306000
2021-10-20,85.69999694824219,91.0,83.20999908447266,84.26000213623047,84.26000213623047,2167700
2021-10-21,84.25,85.22000122070312,82.70999908447266,83.94000244140625,83.94000244140625,997000
2021-10-22,83.55000305175781,86.4800033569336,82.16999816894531,84.4800033569336,84.4800033569336,1071100
2021-10-25,85.20999908447266,89.48999786376953,85.20999908447266,87.44000244140625,87.44000244140625,2019900
2021-10-26,86.77999877929688,89.19999694824219,80.01000213623047,87.51000213623047,87.51000213623047,3515000
2021-10-27,87.0,87.08000183105469,82.30999755859375,82.83999633789062,82.83999633789062,1630500
2021-10-28,83.83999633789062,89.66000366210938,83.3499984741211,89.0,89.0,1724300
2021-10-29,87.80000305175781,96.20999908447266,87.5,94.73999786376953,94.73999786376953,2322200
2021-11-01,96.01000213623047,98.79000091552734,95.05000305175781,97.8499984741211,97.8499984741211,1686700
2021-11-02,98.06999969482422,99.2699966430664,95.11000061035156,97.86000061035156,97.86000061035156,1271600
2021-11-03,98.19999694824219,98.4800033569336,92.23999786376953,95.08999633789062,95.08999633789062,1311200
2021-11-04,95.75,97.33999633789062,94.06999969482422,96.1500015258789,96.1500015258789,1004100
2021-11-05,96.24800109863281,97.19000244140625,91.55999755859375,93.31999969482422,93.31999969482422,1338000
2021-11-08,93.4800033569336,96.66999816894531,90.13999938964844,94.3499984741211,94.3499984741211,1222200
2021-11-09,94.63999938964844,95.56999969482422,90.83999633789062,95.26000213623047,95.26000213623047,1026900
2021-11-10,93.18000030517578,93.62999725341797,88.04000091552734,89.12000274658203,89.12000274658203,1809600
2021-11-11,91.0,93.58999633789062,90.4000015258789,93.22000122070312,93.22000122070312,1058200
2021-11-12,94.43000030517578,97.19999694824219,91.51100158691406,93.45999908447266,93.45999908447266,1644900
2021-11-15,93.74299621582031,93.87999725341797,90.3499984741211,92.55999755859375,92.55999755859375,1166800
2021-11-16,92.0,96.76000213623047,91.11000061035156,94.69000244140625,94.69000244140625,1380900
2021-11-17,94.69000244140625,96.0999984741211,92.23999786376953,94.1500015258789,94.1500015258789,997700
2021-11-18,94.68000030517578,95.23999786376953,90.69999694824219,92.62000274658203,92.62000274658203,1069900
2021-11-19,92.52999877929688,93.13999938964844,88.26000213623047,88.58000183105469,88.58000183105469,1548900
2021-11-22,89.93000030517578,89.93000030517578,82.19999694824219,87.02999877929688,87.02999877929688,2706900
2021-11-23,85.0999984741211,88.88999938964844,81.22100067138672,83.26000213623047,83.26000213623047,1868100
2021-11-24,82.16999816894531,85.55000305175781,81.25,84.68000030517578,84.68000030517578,1561200
2021-11-26,80.96399688720703,85.97000122070312,80.95999908447266,84.0,84.0,1109400
2021-11-29,85.12999725341797,86.83000183105469,81.5780029296875,81.69000244140625,81.69000244140625,1568400
2021-11-30,81.4800033569336,81.68000030517578,73.88999938964844,76.0,76.0,7618900
2021-12-01,77.44999694824219,77.56999969482422,69.9000015258789,70.5999984741211,70.5999984741211,3535700
2021-12-02,69.33999633789062,73.0,69.13999938964844,72.0,72.0,1596400
2021-12-03,72.2699966430664,72.5,63.150001525878906,68.05999755859375,68.05999755859375,3705000
2021-12-06,67.04000091552734,69.55000305175781,65.1050033569336,68.75,68.75,1547800
2021-12-07,71.3759994506836,75.697998046875,71.0,72.29000091552734,72.29000091552734,1797100
2021-12-08,73.69999694824219,75.69999694824219,71.01000213623047,74.02999877929688,74.02999877929688,1247300
2021-12-09,73.97000122070312,75.73999786376953,69.4000015258789,69.5199966430664,69.5199966430664,944400
2021-12-10,70.44999694824219,71.94000244140625,68.26000213623047,69.23999786376953,69.23999786376953,1303600
2021-12-13,68.94000244140625,70.26000213623047,66.5199966430664,66.69999694824219,66.69999694824219,1278300
2021-12-14,64.37000274658203,69.23999786376953,64.12999725341797,65.30000305175781,65.30000305175781,1382900
2021-12-15,65.62999725341797,67.9800033569336,63.82500076293945,67.4000015258789,67.4000015258789,1384300
2021-12-16,70.44999694824219,70.66000366210938,63.310001373291016,63.779998779296875,63.779998779296875,1582600
2021-12-17,62.15999984741211,68.0,61.38999938964844,67.7699966430664,67.7699966430664,2231500
2021-12-20,66.19999694824219,68.77999877929688,64.26000213623047,66.06999969482422,66.06999969482422,1447900
2021-12-21,66.94999694824219,70.55999755859375,65.45999908447266,70.41000366210938,70.41000366210938,1022100
2021-12-22,70.0,71.80999755859375,68.51000213623047,71.38999938964844,71.38999938964844,901700
2021-12-23,71.38999938964844,72.9000015258789,70.0,72.06999969482422,72.06999969482422,754200
2021-12-27,72.91799926757812,73.75,71.3949966430664,72.0199966430664,72.0199966430664,756100
2021-12-28,72.13999938964844,72.23500061035156,69.5,70.5999984741211,70.5999984741211,602100
2021-12-29,70.5999984741211,71.2699966430664,69.46399688720703,70.7699966430664,70.7699966430664,452200
2021-12-30,70.56999969482422,71.9800033569336,70.05999755859375,70.19000244140625,70.19000244140625,511000
2021-12-31,70.19000244140625,71.68000030517578,69.5199966430664,70.58000183105469,70.58000183105469,689300
2022-01-03,70.81999969482422,71.0250015258789,64.2699966430664,65.7699966430664,65.7699966430664,2105700
2022-01-04,65.69999694824219,66.7300033569336,60.88999938964844,62.41999816894531,62.41999816894531,2355700
2022-01-05,62.0,63.150001525878906,57.41999816894531,57.75,57.75,2243100
2022-01-06,56.459999084472656,59.54999923706055,56.14099884033203,58.0,58.0,2110000
2022-01-07,57.650001525878906,59.025001525878906,54.0099983215332,54.130001068115234,54.130001068115234,2536100
2022-01-10,52.119998931884766,54.779998779296875,51.209999084472656,54.630001068115234,54.630001068115234,2193500
2022-01-11,54.88999938964844,55.790000915527344,53.249000549316406,54.95000076293945,54.95000076293945,1567900
2022-01-12,59.85599899291992,59.95000076293945,55.18000030517578,55.7400016784668,55.7400016784668,3533200
2022-01-13,55.47999954223633,56.47999954223633,52.27000045776367,52.619998931884766,52.619998931884766,1769400
2022-01-14,51.79999923706055,53.2599983215332,48.54999923706055,50.0,50.0,2770200
2022-01-18,48.25,49.95000076293945,47.040000915527344,47.2599983215332,47.2599983215332,1944200
2022-01-19,47.45000076293945,48.33000183105469,44.880001068115234,44.91999816894531,44.91999816894531,2505000
2022-01-20,45.68000030517578,47.970001220703125,45.0099983215332,45.27000045776367,45.27000045776367,4105600
2022-01-21,44.41999816894531,45.400001525878906,42.77000045776367,43.0099983215332,43.0099983215332,2051100
2022-01-24,41.68000030517578,44.689998626708984,39.27000045776367,44.61000061035156,44.61000061035156,3694500
2022-01-25,43.040000915527344,44.040000915527344,42.04100036621094,42.93000030517578,42.93000030517578,1769000
2022-01-26,44.40999984741211,46.16999816894531,42.88999938964844,43.369998931884766,43.369998931884766,2199300
2022-01-27,44.334999084472656,45.20000076293945,40.91999816894531,41.16999816894531,41.16999816894531,1457000
2022-01-28,41.599998474121094,44.91999816894531,41.03200149536133,44.68000030517578,44.68000030517578,1881500
2022-01-31,44.83000183105469,48.630001068115234,44.83000183105469,48.22999954223633,48.22999954223633,2029000
2022-02-01,48.93000030517578,50.290000915527344,47.130001068115234,50.189998626708984,50.189998626708984,1761500
2022-02-02,50.79999923706055,51.47999954223633,48.06999969482422,49.130001068115234,49.130001068115234,1477400
2022-02-03,46.88999938964844,48.380001068115234,46.61000061035156,46.849998474121094,46.849998474121094,1042100
2022-02-04,47.15999984741211,48.98099899291992,46.150001525878906,48.16999816894531,48.16999816894531,894200
2022-02-07,48.099998474121094,50.189998626708984,48.02799987792969,49.11000061035156,49.11000061035156,1126200
2022-02-08,48.709999084472656,50.58000183105469,47.869998931884766,50.369998931884766,50.369998931884766,1276100
2022-02-09,51.06999969482422,54.18000030517578,51.06999969482422,53.56999969482422,53.56999969482422,2394700
2022-02-10,47.70600128173828,54.68000030517578,45.880001068115234,51.34000015258789,51.34000015258789,4140000
2022-02-11,50.72999954223633,52.25,46.2599983215332,47.0099983215332,47.0099983215332,2203800
2022-02-14,46.834999084472656,47.65999984741211,44.9900016784668,45.599998474121094,45.599998474121094,1974400
2022-02-15,46.7599983215332,48.209999084472656,46.180999755859375,47.36000061035156,47.36000061035156,1260700
2022-02-16,46.970001220703125,47.459999084472656,45.45000076293945,46.470001220703125,46.470001220703125,1239400
2022-02-17,46.02000045776367,46.130001068115234,42.345001220703125,42.5,42.5,1830100
2022-02-18,42.880001068115234,43.54999923706055,41.2400016784668,41.58000183105469,41.58000183105469,1703800
2022-02-22,41.0,42.65999984741211,40.52000045776367,40.900001525878906,40.900001525878906,1727600
2022-02-23,41.79999923706055,42.11399841308594,39.84000015258789,39.9900016784668,39.9900016784668,1238200
2022-02-24,37.194000244140625,41.099998474121094,36.849998474121094,41.04999923706055,41.04999923706055,4087400
2022-02-25,41.5,43.814998626708984,41.099998474121094,43.709999084472656,43.709999084472656,1446600
2022-02-28,43.2400016784668,43.56999969482422,41.869998931884766,42.689998626708984,42.689998626708984,1451700
2022-03-01,42.86000061035156,43.0,41.45000076293945,41.93000030517578,41.93000030517578,1048900
2022-03-02,42.33000183105469,43.5620002746582,41.65999984741211,43.0099983215332,43.0099983215332,1427700
2022-03-03,43.209999084472656,43.279998779296875,40.62099838256836,41.11000061035156,41.11000061035156,1306600
2022-03-04,40.650001525878906,41.599998474121094,37.81999969482422,38.47999954223633,38.47999954223633,1757400
2022-03-07,39.03499984741211,39.09000015258789,35.150001525878906,35.31999969482422,35.31999969482422,2394800
2022-03-08,35.349998474121094,38.130001068115234,34.93000030517578,36.779998779296875,36.779998779296875,1700500
2022-03-09,38.45000076293945,39.560001373291016,38.290000915527344,38.95000076293945,38.95000076293945,1126200
2022-03-10,38.33000183105469,39.869998931884766,37.744998931884766,38.34000015258789,38.34000015258789,1252400
2022-03-11,39.06999969482422,39.07400131225586,36.2599983215332,36.439998626708984,36.439998626708984,1089700
2022-03-14,36.380001068115234,37.70000076293945,34.159000396728516,34.380001068115234,34.380001068115234,1261900
2022-03-15,34.650001525878906,35.029998779296875,33.11000061035156,34.75,34.75,2649800
2022-03-16,36.14699935913086,37.5,35.529998779296875,37.27000045776367,37.27000045776367,2104500
2022-03-17,37.279998779296875,39.97999954223633,36.5099983215332,39.689998626708984,39.689998626708984,1488000
2022-03-18,39.689998626708984,41.5,39.40999984741211,40.91999816894531,40.91999816894531,1604800
2022-03-21,41.18000030517578,41.43000030517578,39.119998931884766,39.900001525878906,39.900001525878906,1650100
2022-03-22,39.900001525878906,42.459999084472656,39.75,41.08000183105469,41.08000183105469,1583900
2022-03-23,40.369998931884766,40.7400016784668,38.42399978637695,38.63999938964844,38.63999938964844,1501400
2022-03-24,39.11000061035156,40.189998626708984,38.40999984741211,40.09000015258789,40.09000015258789,1191700
2022-03-25,40.09000015258789,40.25400161743164,37.2599983215332,37.5,37.5,1347700
2022-03-28,38.11000061035156,38.75,36.68000030517578,38.02000045776367,38.02000045776367,2114200
2022-03-29,39.150001525878906,40.40999984741211,38.810001373291016,39.84000015258789,39.84000015258789,2075200
2022-03-30,39.95000076293945,40.439998626708984,38.209999084472656,38.45000076293945,38.45000076293945,1050800
2022-03-31,38.77000045776367,38.93000030517578,36.77000045776367,36.90999984741211,36.90999984741211,2052100
2022-04-01,37.20000076293945,38.459999084472656,36.7599983215332,37.470001220703125,37.470001220703125,1550800
2022-04-04,37.84000015258789,38.7400016784668,37.224998474121094,37.45000076293945,37.45000076293945,1716900
2022-04-05,37.560001373291016,37.7400016784668,35.27000045776367,35.470001220703125,35.470001220703125,2217400
2022-04-06,34.54999923706055,36.150001525878906,33.720001220703125,35.849998474121094,35.849998474121094,3415600
2022-04-07,35.400001525878906,37.5099983215332,34.880001068115234,35.400001525878906,35.400001525878906,1772200
2022-04-08,34.849998474121094,35.459999084472656,34.09000015258789,34.5,34.5,1445000
2022-04-11,33.52000045776367,34.0,31.5,32.040000915527344,32.040000915527344,4287300
2022-04-12,32.650001525878906,34.11000061035156,31.360000610351562,31.790000915527344,31.790000915527344,2482800
2022-04-13,31.81999969482422,33.11000061035156,31.760000228881836,32.290000915527344,32.290000915527344,1838100
2022-04-14,32.15999984741211,32.38999938964844,30.100000381469727,30.399999618530273,30.399999618530273,2960100
2022-04-18,30.40999984741211,30.6200008392334,28.81999969482422,29.940000534057617,29.940000534057617,3293400
2022-04-19,30.0,31.635000228881836,29.450000762939453,30.8799991607666,30.8799991607666,2317000
2022-04-20,31.25,31.34000015258789,29.75,30.3700008392334,30.3700008392334,1832600
2022-04-21,30.8700008392334,31.19499969482422,28.302000045776367,28.540000915527344,28.540000915527344,2129000
2022-04-22,28.5,29.1299991607666,27.229999542236328,27.479999542236328,27.479999542236328,3215400
2022-04-25,27.200000762939453,28.952999114990234,26.899999618530273,28.31999969482422,28.31999969482422,3358700
2022-04-26,28.0,28.079999923706055,26.920000076293945,27.719999313354492,27.719999313354492,3311500
2022-04-27,27.530000686645508,28.209999084472656,25.959999084472656,26.040000915527344,26.040000915527344,3706600
2022-04-28,26.549999237060547,26.579999923706055,24.670000076293945,26.299999237060547,26.299999237060547,3100200
2022-04-29,26.219999313354492,27.34000015258789,24.989999771118164,25.110000610351562,25.110000610351562,2856000
2022-05-02,25.0,25.8700008392334,23.68000030517578,25.610000610351562,25.610000610351562,3668100
2022-05-03,25.790000915527344,26.64299964904785,25.34000015258789,26.049999237060547,26.049999237060547,1783300
2022-05-04,26.100000381469727,27.610000610351562,25.010000228881836,27.389999389648438,27.389999389648438,2234600
2022-05-05,26.860000610351562,26.989999771118164,24.530000686645508,24.920000076293945,24.920000076293945,2388800
2022-05-06,24.75,25.0,22.889999389648438,24.350000381469727,24.350000381469727,4178300
2022-05-09,23.700000762939453,23.989999771118164,21.655000686645508,21.899999618530273,21.899999618530273,3170300
2022-05-10,22.530000686645508,23.440000534057617,21.649999618530273,23.030000686645508,23.030000686645508,3247500
2022-05-11,22.8799991607666,23.639999389648438,20.829999923706055,20.969999313354492,20.969999313354492,2609400
2022-05-12,20.68000030517578,22.770000457763672,20.600000381469727,22.079999923706055,22.079999923706055,2510500
2022-05-13,22.920000076293945,24.639999389648438,22.920000076293945,24.31999969482422,24.31999969482422,3780100
2022-05-16,24.049999237060547,24.479999542236328,22.8700008392334,22.989999771118164,22.989999771118164,1705100
2022-05-17,23.84000015258789,24.5,22.472999572753906,23.770000457763672,23.770000457763672,1984500
2022-05-18,23.059999465942383,23.979999542236328,22.809999465942383,23.020000457763672,23.020000457763672,1341200
2022-05-19,23.200000762939453,24.72599983215332,23.15999984741211,23.770000457763672,23.770000457763672,2074600
2022-05-20,24.110000610351562,24.329999923706055,22.238000869750977,23.350000381469727,23.350000381469727,1234700
2022-05-23,23.34000015258789,23.73900032043457,22.899999618530273,23.450000762939453,23.450000762939453,870700
2022-05-24,22.969999313354492,22.969999313354492,21.924999237060547,22.65999984741211,22.65999984741211,1665200
2022-05-25,22.43000030517578,23.489999771118164,22.43000030517578,23.25,23.25,1346100
2022-05-26,23.5,26.219999313354492,23.5,26.0,26.0,3476800
2022-05-27,26.3799991607666,27.6200008392334,26.3799991607666,26.639999389648438,26.639999389648438,2608100
2022-05-31,26.760000228881836,27.280000686645508,25.950000762939453,26.809999465942383,26.809999465942383,6933600
2022-06-01,27.059999465942383,27.31999969482422,25.1299991607666,25.559999465942383,25.559999465942383,1607600
2022-06-02,25.780000686645508,27.06999969482422,25.530000686645508,26.56999969482422,26.56999969482422,1207900
2022-06-03,26.139999389648438,26.409000396728516,25.200000762939453,25.780000686645508,25.780000686645508,935100
2022-06-06,26.350000381469727,26.479999542236328,25.260000228881836,25.75,25.75,1097800
2022-06-07,25.200000762939453,26.040000915527344,24.940000534057617,25.90999984741211,25.90999984741211,966300
2022-06-08,26.0,26.389999389648438,25.610000610351562,26.079999923706055,26.079999923706055,1175700
2022-06-09,25.860000610351562,25.860000610351562,24.760000228881836,24.93000030517578,24.93000030517578,1293300
2022-06-10,24.329999923706055,25.100000381469727,23.450000762939453,23.670000076293945,23.670000076293945,1452800
2022-06-13,22.424999237060547,23.0049991607666,21.8700008392334,22.149999618530273,22.149999618530273,2158200
2022-06-14,22.209999084472656,23.219999313354492,21.25,21.450000762939453,21.450000762939453,2187000
2022-06-15,22.149999618530273,23.104999542236328,22.0,22.600000381469727,22.600000381469727,2061800
2022-06-16,22.0,22.0,21.200000762939453,21.860000610351562,21.860000610351562,1407900
2022-06-17,21.969999313354492,22.700000762939453,21.969999313354492,22.18000030517578,22.18000030517578,1234900
2022-06-21,22.700000762939453,23.09000015258789,22.200000762939453,22.239999771118164,22.239999771118164,1007400
2022-06-22,21.979999542236328,22.59000015258789,21.709999084472656,22.329999923706055,22.329999923706055,817900
2022-06-23,22.479999542236328,22.90999984741211,22.209999084472656,22.81999969482422,22.81999969482422,1193300
2022-06-24,23.309999465942383,24.139999389648438,22.8799991607666,24.139999389648438,24.139999389648438,1234600
2022-06-27,24.270000457763672,24.690000534057617,23.809999465942383,24.399999618530273,24.399999618530273,1031000
2022-06-28,24.399999618530273,24.93000030517578,23.170000076293945,23.18000030517578,23.18000030517578,1052600
2022-06-29,23.239999771118164,23.579999923706055,22.600000381469727,23.260000228881836,23.260000228881836,1161300
2022-06-30,22.860000610351562,23.209999084472656,21.809999465942383,22.40999984741211,22.40999984741211,1582200
2022-07-01,22.489999771118164,22.860000610351562,21.920000076293945,22.510000228881836,22.510000228881836,1007300
2022-07-05,22.1299991607666,23.889999389648438,21.860000610351562,23.8799991607666,23.8799991607666,1115100
2022-07-06,23.920000076293945,24.200000762939453,22.950000762939453,23.0,23.0,1430300
2022-07-07,22.8799991607666,24.059999465942383,22.83799934387207,23.809999465942383,23.809999465942383,1129700
2022-07-08,23.56999969482422,25.415000915527344,23.360000610351562,24.6200008392334,24.6200008392334,1786300
2022-07-11,24.190000534057617,24.6200008392334,23.09000015258789,23.139999389648438,23.139999389648438,1236400
2022-07-12,25.989999771118164,27.579999923706055,25.520000457763672,26.729999542236328,26.729999542236328,7846500
2022-07-13,25.969999313354492,29.440000534057617,25.729999542236328,28.110000610351562,28.110000610351562,6233100
2022-07-14,28.020000457763672,28.299999237060547,26.65999984741211,27.010000228881836,27.010000228881836,3077500
2022-07-15,27.40999984741211,27.520000457763672,26.149999618530273,27.299999237060547,27.299999237060547,2313500
2022-07-18,27.68000030517578,28.399999618530273,26.424999237060547,26.6299991607666,26.6299991607666,1733000
2022-07-19,26.8700008392334,28.308000564575195,26.489999771118164,28.149999618530273,28.149999618530273,1410200
2022-07-20,28.260000228881836,29.867000579833984,28.2549991607666,29.540000915527344,29.540000915527344,2220800
2022-07-21,29.799999237060547,30.389999389648438,29.40999984741211,29.760000228881836,29.760000228881836,1807800
2022-07-22,29.729999542236328,30.670000076293945,28.010000228881836,28.5,28.5,1880500
2022-07-25,28.329999923706055,28.8799991607666,27.639999389648438,28.030000686645508,28.030000686645508,1095300
2022-07-26,27.709999084472656,28.020000457763672,27.40999984741211,27.770000457763672,27.770000457763672,991100
2022-07-27,28.459999084472656,29.450000762939453,27.979999542236328,29.280000686645508,29.280000686645508,1923900
2022-07-28,30.200000762939453,33.7599983215332,29.360000610351562,33.349998474121094,33.349998474121094,4764000
2022-07-29,33.040000915527344,33.369998931884766,32.040000915527344,33.2400016784668,33.2400016784668,1999600
2022-08-01,33.04999923706055,34.59000015258789,32.540000915527344,34.33000183105469,34.33000183105469,2515100
2022-08-02,33.91999816894531,34.75,33.66999816894531,33.95000076293945,33.95000076293945,1332900
2022-08-03,34.47999954223633,36.5,34.150001525878906,36.310001373291016,36.310001373291016,2299400
2022-08-04,36.290000915527344,37.90999984741211,35.650001525878906,37.2400016784668,37.2400016784668,2585300
2022-08-05,36.22999954223633,37.95000076293945,35.6510009765625,37.900001525878906,37.900001525878906,1570700
2022-08-08,37.900001525878906,38.70000076293945,37.61000061035156,38.27000045776367,38.27000045776367,1738400
2022-08-09,37.90999984741211,37.90999984741211,34.84000015258789,35.349998474121094,35.349998474121094,2414300
2022-08-10,37.02000045776367,37.875,36.75,37.79999923706055,37.79999923706055,1613900
2022-08-11,38.400001525878906,38.652000427246094,35.849998474121094,36.040000915527344,36.040000915527344,1914200
2022-08-12,36.459999084472656,37.29999923706055,35.70000076293945,36.97999954223633,36.97999954223633,1296600
2022-08-15,36.84000015258789,37.4900016784668,36.34000015258789,37.099998474121094,37.099998474121094,845700
2022-08-16,36.79999923706055,36.900001525878906,35.130001068115234,35.470001220703125,35.470001220703125,1352500
2022-08-17,34.7400016784668,35.02000045776367,33.362998962402344,33.900001525878906,33.900001525878906,1787200
2022-08-18,34.2599983215332,34.70000076293945,33.380001068115234,33.959999084472656,33.959999084472656,1028800
2022-08-19,33.09000015258789,33.380001068115234,32.119998931884766,32.5,32.5,1256300
2022-08-22,31.610000610351562,31.950000762939453,31.110000610351562,31.610000610351562,31.610000610351562,1103500
2022-08-23,31.649999618530273,32.38999938964844,31.110000610351562,32.060001373291016,32.060001373291016,1032800
2022-08-24,32.130001068115234,32.68899917602539,32.029998779296875,32.29999923706055,32.29999923706055,841600
2022-08-25,32.97999954223633,34.4900016784668,32.75,34.470001220703125,34.470001220703125,1276700
2022-08-26,34.34000015258789,34.34000015258789,32.077999114990234,32.209999084472656,32.209999084472656,2167000
2022-08-29,31.5,32.290000915527344,31.049999237060547,31.8799991607666,31.8799991607666,1508800
2022-08-30,32.16999816894531,32.77000045776367,30.850000381469727,31.809999465942383,31.809999465942383,1206100
2022-08-31,32.22999954223633,32.470001220703125,31.329999923706055,31.940000534057617,31.940000534057617,1046400
2022-09-01,31.219999313354492,31.709999084472656,30.010000228881836,31.1299991607666,31.1299991607666,1785900
2022-09-02,31.709999084472656,32.04999923706055,30.64299964904785,31.190000534057617,31.190000534057617,1014400
2022-09-06,31.010000228881836,31.3799991607666,30.420000076293945,30.59000015258789,30.59000015258789,789300
2022-09-07,30.420000076293945,31.719999313354492,30.299999237060547,31.56999969482422,31.56999969482422,819400
2022-09-08,30.90999984741211,32.691001892089844,30.770000457763672,32.650001525878906,32.650001525878906,1172200
2022-09-09,33.20000076293945,33.630001068115234,32.81399917602539,33.209999084472656,33.209999084472656,874300
2022-09-12,33.22999954223633,33.790000915527344,32.84000015258789,33.58000183105469,33.58000183105469,1107000
2022-09-13,31.700000762939453,33.47999954223633,31.059999465942383,32.75,32.75,1893000
2022-09-14,32.77000045776367,33.029998779296875,32.040000915527344,32.83000183105469,32.83000183105469,827200
2022-09-15,32.70000076293945,34.36000061035156,32.5,32.790000915527344,32.790000915527344,1273900
2022-09-16,31.799999237060547,31.989999771118164,30.56999969482422,31.190000534057617,31.190000534057617,1519800
2022-09-19,30.6299991607666,31.940000534057617,29.68000030517578,31.899999618530273,31.899999618530273,1284700
2022-09-20,31.540000915527344,32.222999572753906,30.969999313354492,31.200000762939453,31.200000762939453,1086000
2022-09-21,31.559999465942383,32.1870002746582,30.610000610351562,30.68000030517578,30.68000030517578,1128800
2022-09-22,30.6299991607666,30.760000228881836,28.19700050354004,28.770000457763672,28.770000457763672,1933500
2022-09-23,28.209999084472656,28.329999923706055,26.829999923706055,27.520000457763672,27.520000457763672,2164700
2022-09-26,26.959999084472656,28.540000915527344,26.100000381469727,27.25,27.25,1499800
2022-09-27,27.8799991607666,28.722999572753906,27.25,27.610000610351562,27.610000610351562,797600
2022-09-28,27.790000915527344,29.280000686645508,27.600000381469727,29.059999465942383,29.059999465942383,1085700
2022-09-29,28.3799991607666,28.729999542236328,27.459999084472656,28.68000030517578,28.68000030517578,953800
2022-09-30,28.639999389648438,31.079999923706055,28.510000228881836,29.110000610351562,29.110000610351562,1337800
2022-10-03,29.520000457763672,30.459999084472656,28.59000015258789,30.229999542236328,30.229999542236328,933200
2022-10-04,31.329999923706055,32.689998626708984,31.280000686645508,31.81999969482422,31.81999969482422,1394700
2022-10-05,31.110000610351562,31.9950008392334,30.670000076293945,31.889999389648438,31.889999389648438,783300
2022-10-06,31.90999984741211,32.7599983215332,31.75,31.889999389648438,31.889999389648438,1335500
2022-10-07,31.200000762939453,32.029998779296875,30.75200080871582,31.06999969482422,31.06999969482422,1052900
2022-10-10,30.989999771118164,31.450000762939453,30.18000030517578,30.950000762939453,30.950000762939453,936000
2022-10-11,30.799999237060547,32.13999938964844,29.489999771118164,31.139999389648438,31.139999389648438,1329000
2022-10-12,31.5,31.5,29.700000762939453,30.389999389648438,30.389999389648438,1428700
2022-10-13,31.920000076293945,34.939998626708984,31.309999465942383,34.72999954223633,34.72999954223633,5835900
2022-10-14,35.23500061035156,36.27000045776367,32.959999084472656,33.119998931884766,33.119998931884766,2864700
2022-10-17,33.900001525878906,35.08000183105469,33.7400016784668,34.880001068115234,34.880001068115234,1879800
2022-10-18,36.0,36.369998931884766,33.93000030517578,34.41999816894531,34.41999816894531,1952300
2022-10-19,34.150001525878906,34.22999954223633,31.940000534057617,32.310001373291016,32.310001373291016,1579600
2022-10-20,32.209999084472656,33.66999816894531,31.749000549316406,32.58000183105469,32.58000183105469,1314000
2022-10-21,32.58000183105469,32.7400016784668,31.510000228881836,32.34000015258789,32.34000015258789,999100
2022-10-24,32.45000076293945,32.65999984741211,31.399999618530273,32.4900016784668,32.4900016784668,1172900
2022-10-25,32.86000061035156,34.310001373291016,32.86000061035156,33.38999938964844,33.38999938964844,1392300
2022-10-26,33.20000076293945,35.599998474121094,33.09000015258789,34.41999816894531,34.41999816894531,1406000
2022-10-27,35.5,37.310001373291016,33.61800003051758,36.18000030517578,36.18000030517578,2949300
2022-10-28,36.060001373291016,36.060001373291016,34.349998474121094,35.27000045776367,35.27000045776367,1705500
2022-10-31,35.0,35.334999084472656,33.849998474121094,34.31999969482422,34.31999969482422,1363400
2022-11-01,35.15999984741211,36.099998474121094,34.099998474121094,34.27000045776367,34.27000045776367,1029200
2022-11-02,34.099998474121094,34.689998626708984,32.650001525878906,32.689998626708984,32.689998626708984,1581300
2022-11-03,32.11000061035156,34.5,31.670000076293945,33.540000915527344,33.540000915527344,1440200
2022-11-04,34.0,34.22999954223633,32.78499984741211,33.349998474121094,33.349998474121094,884300
2022-11-07,33.029998779296875,33.29999923706055,31.959999084472656,32.7400016784668,32.7400016784668,885500
2022-11-08,32.630001068115234,34.02000045776367,31.799999237060547,33.52000045776367,33.52000045776367,1497100
2022-11-09,33.25,33.439998626708984,31.274999618530273,31.31999969482422,31.31999969482422,1583500
2022-11-10,33.400001525878906,34.540000915527344,32.97999954223633,34.5,34.5,1787000
2022-11-11,34.880001068115234,39.0,34.70500183105469,37.52000045776367,37.52000045776367,3026000
2022-11-14,37.099998474121094,38.630001068115234,36.38199996948242,36.86000061035156,36.86000061035156,1830500
2022-11-15,37.959999084472656,40.290000915527344,37.72999954223633,38.709999084472656,38.709999084472656,2553600
2022-11-16,38.345001220703125,38.470001220703125,36.790000915527344,37.209999084472656,37.209999084472656,1339300
2022-11-17,36.33000183105469,36.96500015258789,35.43199920654297,36.869998931884766,36.869998931884766,1266300
2022-11-18,37.880001068115234,37.93000030517578,35.189998626708984,36.11000061035156,36.11000061035156,1118900
2022-11-21,35.779998779296875,36.43000030517578,35.130001068115234,35.40999984741211,35.40999984741211,892600
2022-11-22,35.5099983215332,36.43000030517578,34.72999954223633,36.27000045776367,36.27000045776367,1103900
2022-11-23,36.36000061035156,37.18000030517578,35.369998931884766,36.150001525878906,36.150001525878906,839400
2022-11-25,36.06999969482422,36.13999938964844,35.599998474121094,36.08000183105469,36.08000183105469,274000
2022-11-28,35.729000091552734,36.2400016784668,35.09000015258789,35.400001525878906,35.400001525878906,720900
2022-11-29,35.459999084472656,35.97999954223633,35.29999923706055,35.709999084472656,35.709999084472656,757600
2022-11-30,36.060001373291016,38.50699996948242,35.810001373291016,38.38999938964844,38.38999938964844,1318600
2022-12-01,38.650001525878906,39.290000915527344,37.65399932861328,38.18000030517578,38.18000030517578,969700
2022-12-02,37.349998474121094,38.13399887084961,37.02000045776367,37.540000915527344,37.540000915527344,570200
2022-12-05,37.0099983215332,37.29999923706055,36.34000015258789,36.65999984741211,36.65999984741211,839400
2022-12-06,36.65999984741211,36.70000076293945,34.45000076293945,34.86000061035156,34.86000061035156,1331300
2022-12-07,34.77000045776367,35.560001373291016,34.25,35.529998779296875,35.529998779296875,707300
2022-12-08,35.65999984741211,36.75,34.81999969482422,36.43000030517578,36.43000030517578,806700
2022-12-09,36.20000076293945,36.9379997253418,35.15999984741211,35.2400016784668,35.2400016784668,798700
2022-12-12,35.5,36.86000061035156,35.040000915527344,36.779998779296875,36.779998779296875,735400
2022-12-13,38.119998931884766,38.619998931884766,37.08000183105469,37.72999954223633,37.72999954223633,1787400
2022-12-14,37.38999938964844,38.869998931884766,37.25,38.029998779296875,38.029998779296875,750000
2022-12-15,37.08000183105469,37.470001220703125,35.779998779296875,36.2599983215332,36.2599983215332,784700
2022-12-16,35.724998474121094,36.52000045776367,35.630001068115234,36.33000183105469,36.33000183105469,609300
2022-12-19,36.15999984741211,36.97999954223633,35.310001373291016,35.52000045776367,35.52000045776367,852200
2022-12-20,35.209999084472656,35.97999954223633,34.5,35.220001220703125,35.220001220703125,781900
2022-12-21,35.880001068115234,37.380001068115234,35.65999984741211,37.0099983215332,37.0099983215332,1234500
2022-12-22,36.599998474121094,37.15999984741211,34.2599983215332,35.95000076293945,35.95000076293945,1433000
2022-12-23,35.720001220703125,35.981998443603516,34.869998931884766,35.36000061035156,35.36000061035156,559800
2022-12-27,35.18000030517578,35.939998626708984,34.61000061035156,34.709999084472656,34.709999084472656,790600
2022-12-28,34.560001373291016,34.959999084472656,33.72999954223633,34.369998931884766,34.369998931884766,715300
2022-12-29,34.83000183105469,35.869998931884766,34.7400016784668,35.560001373291016,35.560001373291016,772400
2022-12-30,34.91999816894531,35.75,34.38999938964844,35.70000076293945,35.70000076293945,705200
2023-01-03,34.66999816894531,35.810001373291016,34.619998931884766,35.2599983215332,35.2599983215332,1406500
2023-01-04,35.709999084472656,36.34000015258789,34.93000030517578,36.2599983215332,36.2599983215332,960500
2023-01-05,35.970001220703125,36.779998779296875,35.56999969482422,35.75,35.75,1006400
2023-01-06,36.18000030517578,38.345001220703125,35.939998626708984,38.2400016784668,38.2400016784668,1667100
2023-01-09,38.33000183105469,38.5,35.63999938964844,35.709999084472656,35.709999084472656,2626900
2023-01-10,35.22999954223633,36.72999954223633,35.18000030517578,36.70000076293945,36.70000076293945,1033700
2023-01-11,37.40999984741211,37.59000015258789,32.75,33.16999816894531,33.16999816894531,6478300
2023-01-12,33.529998779296875,34.0,32.356998443603516,32.900001525878906,32.900001525878906,2950900
2023-01-13,32.400001525878906,32.880001068115234,31.799999237060547,32.70000076293945,32.70000076293945,1438100
2023-01-17,32.959999084472656,35.37799835205078,32.880001068115234,35.279998779296875,35.279998779296875,2450200
2023-01-18,35.470001220703125,35.95399856567383,34.5099983215332,34.689998626708984,34.689998626708984,2241700
2023-01-19,34.39500045776367,34.599998474121094,33.58000183105469,33.68000030517578,33.68000030517578,979200
2023-01-20,34.06999969482422,34.52000045776367,33.54999923706055,34.310001373291016,34.310001373291016,1104600
2023-01-23,34.36000061035156,35.099998474121094,34.0,34.31999969482422,34.31999969482422,1008700
2023-01-24,34.25,35.189998626708984,33.900001525878906,34.720001220703125,34.720001220703125,983700
2023-01-25,34.099998474121094,34.7400016784668,33.43000030517578,34.619998931884766,34.619998931884766,1152700
2023-01-26,35.20000076293945,35.400001525878906,34.319000244140625,34.91999816894531,34.91999816894531,706800
2023-01-27,34.560001373291016,35.834999084472656,34.560001373291016,35.47999954223633,35.47999954223633,782600
2023-01-30,35.119998931884766,35.47999954223633,34.41999816894531,34.470001220703125,34.470001220703125,687500
2023-01-31,34.529998779296875,35.04999923706055,34.150001525878906,35.04999923706055,35.04999923706055,1240900
2023-02-01,35.0,36.099998474121094,34.380001068115234,35.849998474121094,35.849998474121094,1176700
2023-02-02,36.5099983215332,39.08000183105469,36.5,38.29999923706055,38.29999923706055,3141600
2023-02-03,37.369998931884766,38.849998474121094,37.06999969482422,37.2400016784668,37.2400016784668,1181900
2023-02-06,36.900001525878906,37.34000015258789,36.16999816894531,36.459999084472656,36.459999084472656,748500
2023-02-07,36.540000915527344,36.75,35.439998626708984,36.54999923706055,36.54999923706055,1031000
2023-02-08,36.5099983215332,37.112998962402344,35.91999816894531,36.20000076293945,36.20000076293945,939700
2023-02-09,36.68000030517578,37.0,35.18000030517578,35.36000061035156,35.36000061035156,992600
2023-02-10,35.310001373291016,35.310001373291016,34.209999084472656,34.619998931884766,34.619998931884766,1044700
2023-02-13,34.709999084472656,34.810001373291016,33.599998474121094,34.0,34.0,2761700
2023-02-14,34.040000915527344,37.68000030517578,34.040000915527344,37.56999969482422,37.56999969482422,4902300
2023-02-15,37.20000076293945,41.459999084472656,37.20000076293945,41.45000076293945,41.45000076293945,4153000
2023-02-16,40.630001068115234,41.84000015258789,39.540000915527344,39.689998626708984,39.689998626708984,3450400
2023-02-17,37.560001373291016,38.36000061035156,36.939998626708984,37.02000045776367,37.02000045776367,3043900
2023-02-21,36.529998779296875,36.86000061035156,35.470001220703125,35.810001373291016,35.810001373291016,1212200
2023-02-22,35.689998626708984,36.40999984741211,35.20500183105469,36.06999969482422,36.06999969482422,870100
2023-02-23,35.77000045776367,36.349998474121094,35.40999984741211,35.970001220703125,35.970001220703125,1583600
2023-02-24,35.29999923706055,35.5,34.709999084472656,34.810001373291016,34.810001373291016,1317600
2023-02-27,34.869998931884766,35.20000076293945,34.59000015258789,34.83000183105469,34.83000183105469,1180200
2023-02-28,34.970001220703125,35.97999954223633,34.779998779296875,35.310001373291016,35.310001373291016,1956300
2023-03-01,35.349998474121094,35.45000076293945,34.2859992980957,34.310001373291016,34.310001373291016,1119400
2023-03-02,34.029998779296875,34.599998474121094,33.72999954223633,34.45000076293945,34.45000076293945,718100
2023-03-03,34.72999954223633,35.654998779296875,34.45500183105469,35.06999969482422,35.06999969482422,958800
2023-03-06,35.2599983215332,36.06999969482422,34.96200180053711,35.02000045776367,35.02000045776367,874600
2023-03-07,35.0,35.04999923706055,34.040000915527344,34.060001373291016,34.060001373291016,654400
2023-03-08,34.0099983215332,34.10499954223633,32.83000183105469,33.209999084472656,33.209999084472656,1909300
2023-03-09,33.27000045776367,33.4900016784668,32.16999816894531,32.5099983215332,32.5099983215332,1473100
2023-03-10,32.5,32.66999816894531,30.670000076293945,31.110000610351562,31.110000610351562,1662100
2023-03-13,30.540000915527344,31.81100082397461,29.799999237060547,31.06999969482422,31.06999969482422,1427200
2023-03-14,31.895000457763672,32.220001220703125,31.25,31.780000686645508,31.780000686645508,1307500
2023-03-15,31.139999389648438,31.280000686645508,30.329999923706055,31.110000610351562,31.110000610351562,1380700
2023-03-16,30.899999618530273,31.3700008392334,29.80500030517578,30.889999389648438,30.889999389648438,1681800
2023-03-17,30.8700008392334,30.940000534057617,29.59000015258789,29.860000610351562,29.860000610351562,1585300
2023-03-20,29.860000610351562,30.040000915527344,29.200000762939453,29.719999313354492,29.719999313354492,1703700
2023-03-21,30.110000610351562,31.7549991607666,30.0,31.600000381469727,31.600000381469727,1272200
2023-03-22,31.600000381469727,32.099998474121094,30.459999084472656,30.479999542236328,30.479999542236328,1209700
2023-03-23,31.219999313354492,31.6299991607666,29.84000015258789,30.40999984741211,30.40999984741211,1207300
2023-03-24,30.229999542236328,30.604999542236328,29.469999313354492,30.030000686645508,30.030000686645508,1048600
2023-03-27,30.549999237060547,30.739999771118164,30.049999237060547,30.420000076293945,30.420000076293945,614100
2023-03-28,30.479999542236328,30.489999771118164,29.729999542236328,30.0,30.0,1107100
2023-03-29,30.81999969482422,31.440000534057617,30.399999618530273,31.34000015258789,31.34000015258789,1577000
2023-03-30,31.700000762939453,32.0,31.450000762939453,31.520000457763672,31.520000457763672,1035900
2023-03-31,31.65999984741211,32.47999954223633,31.631999969482422,31.959999084472656,31.959999084472656,1332200
2023-04-03,31.959999084472656,33.16999816894531,31.93000030517578,32.59000015258789,32.59000015258789,1580400
2023-04-04,32.65999984741211,33.52000045776367,32.65999984741211,33.18000030517578,33.18000030517578,1270900
2023-04-05,33.20000076293945,33.33000183105469,32.130001068115234,32.599998474121094,32.599998474121094,1154200
2023-04-06,32.54999923706055,33.42900085449219,32.380001068115234,33.040000915527344,33.040000915527344,976500
2023-04-10,32.880001068115234,34.79999923706055,32.70000076293945,34.5099983215332,34.5099983215332,2047900
2023-04-11,34.59000015258789,35.29999923706055,34.52000045776367,35.099998474121094,35.099998474121094,1358900
2023-04-12,36.59000015258789,38.380001068115234,36.33000183105469,36.900001525878906,36.900001525878906,4852300
2023-04-13,37.22999954223633,37.529998779296875,36.56999969482422,36.91999816894531,36.91999816894531,1484900
2023-04-14,36.90999984741211,37.88999938964844,36.2599983215332,36.68000030517578,36.68000030517578,1101900
2023-04-17,36.5,37.0,36.060001373291016,36.810001373291016,36.810001373291016,846500
2023-04-18,37.2400016784668,37.2400016784668,36.20000076293945,36.290000915527344,36.290000915527344,994500
2023-04-19,36.04999923706055,37.20000076293945,36.0,36.79999923706055,36.79999923706055,1191500
2023-04-20,36.43000030517578,37.54999923706055,36.36899948120117,37.11000061035156,37.11000061035156,997300
2023-04-21,37.16999816894531,37.79999923706055,36.7400016784668,37.439998626708984,37.439998626708984,914500
2023-04-24,37.47999954223633,37.869998931884766,37.040000915527344,37.72999954223633,37.72999954223633,809500
2023-04-25,37.41999816894531,37.54499816894531,36.209999084472656,36.43000030517578,36.43000030517578,1183300
2023-04-26,36.75,37.470001220703125,36.56999969482422,36.619998931884766,36.619998931884766,695300
2023-04-27,36.86000061035156,36.970001220703125,36.189998626708984,36.599998474121094,36.599998474121094,833000
2023-04-28,36.41999816894531,37.52000045776367,36.20600128173828,37.2599983215332,37.2599983215332,689800
2023-05-01,37.099998474121094,37.92300033569336,36.875,37.59000015258789,37.59000015258789,1135800
2023-05-02,35.5099983215332,35.77000045776367,33.619998931884766,33.83000183105469,33.83000183105469,4028200
2023-05-03,34.2400016784668,34.53499984741211,33.459999084472656,33.709999084472656,33.709999084472656,1733500
2023-05-04,33.70000076293945,33.70000076293945,32.06999969482422,32.2599983215332,32.2599983215332,2057700
2023-05-05,32.689998626708984,34.029998779296875,32.29999923706055,33.689998626708984,33.689998626708984,1261000
2023-05-08,34.02000045776367,35.400001525878906,34.0,34.959999084472656,34.959999084472656,1578200
2023-05-09,34.65999984741211,35.04999923706055,33.90999984741211,34.720001220703125,34.720001220703125,991400
2023-05-10,35.31999969482422,35.400001525878906,34.130001068115234,34.470001220703125,34.470001220703125,832000
2023-05-11,34.15999984741211,34.470001220703125,33.900001525878906,34.27000045776367,34.27000045776367,671300
2023-05-12,34.5,34.560001373291016,33.229000091552734,33.58000183105469,33.58000183105469,939300
2023-05-15,33.7400016784668,34.310001373291016,33.63999938964844,34.040000915527344,34.040000915527344,527800
2023-05-16,33.7400016784668,33.81999969482422,32.84000015258789,32.970001220703125,32.970001220703125,888300
2023-05-17,33.16999816894531,33.2400016784668,32.76499938964844,32.97999954223633,32.97999954223633,939600
2023-05-18,32.83000183105469,33.20000076293945,32.59199905395508,33.18000030517578,33.18000030517578,1283700
2023-05-19,33.279998779296875,34.029998779296875,32.939998626708984,33.349998474121094,33.349998474121094,896100
2023-05-22,33.47999954223633,34.45000076293945,33.2599983215332,34.2599983215332,34.2599983215332,964700
2023-05-23,34.17499923706055,35.650001525878906,33.9900016784668,34.150001525878906,34.150001525878906,1658900
2023-05-24,33.880001068115234,34.15999984741211,32.75,33.220001220703125,33.220001220703125,1291100
2023-05-25,33.45000076293945,33.45000076293945,31.979999542236328,32.290000915527344,32.290000915527344,829300
2023-05-26,32.400001525878906,32.619998931884766,31.950000762939453,32.220001220703125,32.220001220703125,986800
2023-05-30,32.380001068115234,33.0099983215332,32.064998626708984,32.099998474121094,32.099998474121094,775400
2023-05-31,31.860000610351562,31.924999237060547,31.170000076293945,31.56999969482422,31.56999969482422,1452500
2023-06-01,31.459999084472656,32.375,31.450000762939453,32.18000030517578,32.18000030517578,868000
2023-06-02,32.75,33.57500076293945,32.56999969482422,33.5,33.5,1012700
2023-06-05,33.5,34.63999938964844,33.47999954223633,34.099998474121094,34.099998474121094,1374600
2023-06-06,34.0,34.650001525878906,33.560001373291016,34.560001373291016,34.560001373291016,1062200
2023-06-07,34.79999923706055,35.095001220703125,33.790000915527344,34.09000015258789,34.09000015258789,1264500
2023-06-08,34.099998474121094,34.7400016784668,33.90999984741211,34.11000061035156,34.11000061035156,858000
2023-06-09,34.119998931884766,34.2599983215332,33.65999984741211,33.97999954223633,33.97999954223633,929500
2023-06-12,34.02000045776367,35.310001373291016,34.0,35.029998779296875,35.029998779296875,1196400
2023-06-13,35.400001525878906,36.040000915527344,35.349998474121094,35.81999969482422,35.81999969482422,888700
2023-06-14,36.310001373291016,36.93000030517578,35.970001220703125,36.41999816894531,36.41999816894531,2138100
2023-06-15,36.04999923706055,37.01499938964844,36.01100158691406,36.83000183105469,36.83000183105469,898600
2023-06-16,37.220001220703125,37.63999938964844,36.83000183105469,36.9900016784668,36.9900016784668,1394100
2023-06-20,36.79999923706055,37.7599983215332,36.52000045776367,37.5099983215332,37.5099983215332,1182900
2023-06-21,37.380001068115234,37.380001068115234,35.77000045776367,36.349998474121094,36.349998474121094,2140100
2023-06-22,36.15999984741211,36.849998474121094,35.66999816894531,36.529998779296875,36.529998779296875,1064000
2023-06-23,36.0,36.58000183105469,35.689998626708984,35.970001220703125,35.970001220703125,11621600
2023-06-26,35.880001068115234,36.060001373291016,35.29999923706055,35.58000183105469,35.58000183105469,1015600
2023-06-27,35.630001068115234,36.084999084472656,35.13999938964844,35.81999969482422,35.81999969482422,788700
2023-06-28,35.505001068115234,36.65999984741211,35.36000061035156,36.65999984741211,36.65999984741211,719900
2023-06-29,36.75,37.52000045776367,36.66999816894531,36.7599983215332,36.7599983215332,735500
2023-06-30,37.22999954223633,37.93000030517578,37.130001068115234,37.349998474121094,37.349998474121094,1055700
2023-07-03,37.33000183105469,37.47999954223633,36.970001220703125,37.45000076293945,37.45000076293945,419500
2023-07-05,37.279998779296875,37.9900016784668,37.02000045776367,37.56999969482422,37.56999969482422,1308700
2023-07-06,37.04999923706055,37.56999969482422,36.4900016784668,37.130001068115234,37.130001068115234,1269800
2023-07-07,37.22999954223633,38.43000030517578,37.07600021362305,38.06999969482422,38.06999969482422,1524000
2023-07-10,38.130001068115234,39.86000061035156,38.119998931884766,39.81999969482422,39.81999969482422,2188600
2023-07-11,40.0099983215332,40.7400016784668,39.880001068115234,40.7400016784668,40.7400016784668,1995500
2023-07-12,42.08000183105469,45.52000045776367,41.79999923706055,45.220001220703125,45.220001220703125,6353600
2023-07-13,45.7599983215332,46.459999084472656,44.369998931884766,45.189998626708984,45.189998626708984,2554500
2023-07-14,45.09000015258789,45.63100051879883,44.52000045776367,44.939998626708984,44.939998626708984,1864500
2023-07-17,45.150001525878906,45.47999954223633,44.27000045776367,44.959999084472656,44.959999084472656,1171000
2023-07-18,45.060001373291016,46.17499923706055,44.77000045776367,45.790000915527344,45.790000915527344,1502600
2023-07-19,45.93000030517578,46.43000030517578,45.27000045776367,46.040000915527344,46.040000915527344,1072500
2023-07-20,45.61000061035156,45.959999084472656,44.79999923706055,45.25,45.25,1264100
2023-07-21,45.540000915527344,45.63999938964844,44.619998931884766,45.209999084472656,45.209999084472656,1293400
2023-07-24,45.130001068115234,45.43000030517578,44.61000061035156,44.630001068115234,44.630001068115234,938500
2023-07-25,44.59000015258789,44.88999938964844,43.650001525878906,43.77000045776367,43.77000045776367,1195800
2023-07-26,43.25,45.13999938964844,43.189998626708984,45.029998779296875,45.029998779296875,1290500
2023-07-27,46.07500076293945,48.25,43.77000045776367,44.060001373291016,44.060001373291016,3231200
2023-07-28,44.72999954223633,44.779998779296875,41.86000061035156,42.849998474121094,42.849998474121094,2521100
2023-07-31,43.0,43.2400016784668,42.119998931884766,42.90999984741211,42.90999984741211,1976700
2023-08-01,42.810001373291016,44.40999984741211,42.56999969482422,43.84000015258789,43.84000015258789,1163100
2023-08-02,42.869998931884766,43.45000076293945,41.900001525878906,43.38999938964844,43.38999938964844,1258800
2023-08-03,42.97999954223633,43.58000183105469,42.689998626708984,43.0,43.0,826100
2023-08-04,43.16999816894531,43.21799850463867,42.43000030517578,42.70000076293945,42.70000076293945,740400
2023-08-07,42.970001220703125,43.5,42.36000061035156,42.970001220703125,42.970001220703125,934400
2023-08-08,42.349998474121094,43.369998931884766,42.220001220703125,43.15999984741211,43.15999984741211,995900
2023-08-09,43.0099983215332,43.18000030517578,42.04100036621094,42.20000076293945,42.20000076293945,890200
2023-08-10,42.43000030517578,42.880001068115234,40.41999816894531,40.689998626708984,40.689998626708984,2205700
2023-08-11,40.15999984741211,40.94599914550781,39.95000076293945,40.619998931884766,40.619998931884766,1158400
2023-08-14,40.52000045776367,41.14500045776367,40.119998931884766,41.060001373291016,41.060001373291016,755200
2023-08-15,40.689998626708984,40.75,38.959999084472656,39.060001373291016,39.060001373291016,1537300
2023-08-16,38.900001525878906,39.06999969482422,37.779998779296875,38.09000015258789,38.09000015258789,1452000
2023-08-17,37.95000076293945,37.9900016784668,36.970001220703125,37.150001525878906,37.150001525878906,1317600
2023-08-18,36.630001068115234,37.779998779296875,36.630001068115234,37.459999084472656,37.459999084472656,1356000
2023-08-21,37.619998931884766,37.63999938964844,36.904998779296875,37.529998779296875,37.529998779296875,852000
2023-08-22,37.63999938964844,38.099998474121094,37.380001068115234,37.79999923706055,37.79999923706055,731800
2023-08-23,37.83000183105469,39.18000030517578,37.70000076293945,39.060001373291016,39.060001373291016,899500
2023-08-24,39.16999816894531,39.220001220703125,37.79999923706055,37.79999923706055,37.79999923706055,762100
2023-08-25,37.97999954223633,38.19499969482422,37.3650016784668,38.040000915527344,38.040000915527344,640700
2023-08-28,38.459999084472656,38.72999954223633,37.70000076293945,37.904998779296875,37.904998779296875,528200
2023-08-29,37.970001220703125,39.130001068115234,37.66999816894531,38.810001373291016,38.810001373291016,786600
2023-08-30,38.709999084472656,40.400001525878906,38.70000076293945,40.06999969482422,40.06999969482422,1458700
2023-08-31,40.06999969482422,40.400001525878906,39.040000915527344,39.09000015258789,39.09000015258789,931900
2023-09-01,39.540000915527344,39.540000915527344,38.77000045776367,39.4900016784668,39.4900016784668,762600
2023-09-05,39.29999923706055,39.38999938964844,38.20000076293945,38.90999984741211,38.90999984741211,866900
2023-09-06,38.849998474121094,39.47999954223633,38.72999954223633,39.400001525878906,39.400001525878906,1017000
2023-09-07,39.25,39.25,38.040000915527344,38.189998626708984,38.189998626708984,754000
2023-09-08,38.029998779296875,38.369998931884766,37.880001068115234,37.90999984741211,37.90999984741211,484400
2023-09-11,38.33000183105469,38.33000183105469,37.529998779296875,37.790000915527344,37.790000915527344,452900
2023-09-12,37.459999084472656,37.869998931884766,36.51499938964844,36.650001525878906,36.650001525878906,1108700
2023-09-13,36.310001373291016,36.34000015258789,34.19499969482422,34.470001220703125,34.470001220703125,2555400
2023-09-14,34.849998474121094,35.58000183105469,34.470001220703125,34.90999984741211,34.90999984741211,1538000
2023-09-15,34.79999923706055,35.14899826049805,33.81999969482422,33.9900016784668,33.9900016784668,1248900
2023-09-18,33.970001220703125,34.43000030517578,33.79999923706055,33.90999984741211,33.90999984741211,1125900
2023-09-19,33.90999984741211,33.97999954223633,33.470001220703125,33.72999954223633,33.72999954223633,916200
2023-09-20,34.150001525878906,34.150001525878906,33.04999923706055,33.06999969482422,33.06999969482422,821200
2023-09-21,32.849998474121094,32.93000030517578,32.08000183105469,32.25,32.25,1154700
2023-09-22,32.5,32.810001373291016,32.1150016784668,32.279998779296875,32.279998779296875,894400
2023-09-25,32.15999984741211,32.45000076293945,31.93000030517578,32.40999984741211,32.40999984741211,819500
2023-09-26,32.060001373291016,32.720001220703125,32.0099983215332,32.2400016784668,32.2400016784668,804800
2023-09-27,32.5,33.119998931884766,32.22999954223633,32.560001373291016,32.560001373291016,915100
2023-09-28,32.59000015258789,33.619998931884766,30.850000381469727,30.950000762939453,30.950000762939453,3900600
2023-09-29,31.360000610351562,31.389999389648438,30.079999923706055,30.459999084472656,30.459999084472656,2145900
2023-10-02,30.579999923706055,30.760000228881836,29.690000534057617,30.1299991607666,30.1299991607666,1300300
2023-10-03,29.8700008392334,30.02899932861328,28.25,28.43000030517578,28.43000030517578,2256800
2023-10-04,28.549999237060547,28.559999465942383,27.600000381469727,28.209999084472656,28.209999084472656,1493300
2023-10-05,28.299999237060547,28.479999542236328,27.649999618530273,28.239999771118164,28.239999771118164,1525800
2023-10-06,27.8799991607666,28.829999923706055,27.8700008392334,28.709999084472656,28.709999084472656,1228900
2023-10-09,27.459999084472656,28.139999389648438,26.468000411987305,27.829999923706055,27.829999923706055,3671500
2023-10-10,28.31999969482422,29.28499984741211,27.860000610351562,29.030000686645508,29.030000686645508,2599000
2023-10-11,29.049999237060547,29.170000076293945,27.114999771118164,27.989999771118164,27.989999771118164,3025400
2023-10-12,24.139999389648438,24.190000534057617,21.141000747680664,22.399999618530273,22.399999618530273,16356900
2023-10-13,22.309999465942383,22.8700008392334,20.6299991607666,20.75,20.75,6312800
2023-10-16,21.0,22.049999237060547,20.43000030517578,21.31999969482422,21.31999969482422,4573300
2023-10-17,21.049999237060547,22.020000457763672,21.049999237060547,21.229999542236328,21.229999542236328,2714200
2023-10-18,21.100000381469727,21.4060001373291,20.530000686645508,20.739999771118164,20.739999771118164,1881400
2023-10-19,20.860000610351562,21.075000762939453,19.670000076293945,19.860000610351562,19.860000610351562,2693800
2023-10-20,19.780000686645508,19.889999389648438,19.27400016784668,19.700000762939453,19.700000762939453,2344600
2023-10-23,19.530000686645508,20.020000457763672,19.049999237060547,19.93000030517578,19.93000030517578,1999000
2023-10-24,20.1200008392334,20.8799991607666,20.09000015258789,20.270000457763672,20.270000457763672,1685700
2023-10-25,19.959999084472656,20.030000686645508,19.510000228881836,19.700000762939453,19.700000762939453,1811000
2023-10-26,19.610000610351562,19.610000610351562,19.014999389648438,19.25,19.25,1962100
2023-10-27,19.719999313354492,19.90999984741211,18.975000381469727,19.1299991607666,19.1299991607666,3042100
2023-10-30,19.399999618530273,19.607999801635742,18.799999237060547,19.020000457763672,19.020000457763672,2028800
2023-10-31,19.139999389648438,19.670000076293945,19.05500030517578,19.100000381469727,19.100000381469727,2118700
2023-11-01,19.020000457763672,19.200000762939453,18.56999969482422,19.030000686645508,19.030000686645508,2155900
2023-11-02,21.0,21.850000381469727,20.6299991607666,21.760000228881836,21.760000228881836,3693000
2023-11-03,21.829999923706055,22.0,21.209999084472656,21.479999542236328,21.479999542236328,2099700
2023-11-06,21.670000076293945,21.829999923706055,20.174999237060547,20.469999313354492,20.469999313354492,2108200
2023-11-07,20.65999984741211,20.8700008392334,19.524999618530273,19.68000030517578,19.68000030517578,3678000
2023-11-08,19.920000076293945,20.979999542236328,19.68000030517578,19.989999771118164,19.989999771118164,3901200
2023-11-09,20.020000457763672,20.229999542236328,19.510000228881836,19.690000534057617,19.690000534057617,1682500
2023-11-10,19.729999542236328,19.764999389648438,19.059999465942383,19.5,19.5,1929400
2023-11-13,19.655000686645508,20.309999465942383,19.474000930786133,19.81999969482422,19.81999969482422,1332100
2023-11-14,20.459999084472656,21.209999084472656,20.459999084472656,20.969999313354492,20.969999313354492,1671600
2023-11-15,21.309999465942383,22.579999923706055,20.899999618530273,22.18000030517578,22.18000030517578,2929400
2023-11-16,22.100000381469727,22.43000030517578,21.3799991607666,21.709999084472656,21.709999084472656,1691600
2023-11-17,21.920000076293945,22.600000381469727,21.690000534057617,22.09000015258789,22.09000015258789,1905400
2023-11-20,22.239999771118164,22.889999389648438,22.0,22.600000381469727,22.600000381469727,1995300
2023-11-21,22.5,22.690000534057617,22.209999084472656,22.5,22.5,1210200
2023-11-22,22.65999984741211,23.3799991607666,22.34000015258789,23.190000534057617,23.190000534057617,1434300
2023-11-24,23.219999313354492,23.540000915527344,22.905000686645508,22.920000076293945,22.920000076293945,710400
2023-11-27,22.790000915527344,23.15999984741211,22.25,22.760000228881836,22.760000228881836,1150700
2023-11-28,22.56999969482422,23.756000518798828,22.530000686645508,23.389999389648438,23.389999389648438,1516100
2023-11-29,23.719999313354492,24.540000915527344,23.65999984741211,23.799999237060547,23.799999237060547,1696800
2023-11-30,23.940000534057617,24.200000762939453,23.40999984741211,23.75,23.75,1376900
2023-12-01,23.809999465942383,25.020000457763672,23.700000762939453,24.540000915527344,24.540000915527344,1956300
2023-12-04,24.520000457763672,25.389999389648438,24.450000762939453,24.690000534057617,24.690000534057617,1704000
2023-12-05,24.5,24.5,23.594999313354492,23.6200008392334,23.6200008392334,1269700
2023-12-06,20.34000015258789,22.049999237060547,20.139999389648438,21.260000228881836,21.260000228881836,6431000
2023-12-07,21.309999465942383,21.350000381469727,20.2549991607666,20.75,20.75,3205600
2023-12-08,20.760000228881836,21.959999084472656,20.75,21.739999771118164,21.739999771118164,2123700
2023-12-11,21.639999389648438,22.200000762939453,21.31999969482422,21.540000915527344,21.540000915527344,1827600
2023-12-12,21.489999771118164,21.600000381469727,20.65999984741211,20.899999618530273,20.899999618530273,1483600
2023-12-13,20.889999389648438,22.110000610351562,20.639999389648438,22.020000457763672,22.020000457763672,1721300
2023-12-14,22.690000534057617,23.65999984741211,22.68000030517578,23.09000015258789,23.09000015258789,2070000
2023-12-15,23.139999389648438,23.280000686645508,22.700000762939453,22.829999923706055,22.829999923706055,1875900
2023-12-18,22.8799991607666,23.049999237060547,22.34000015258789,22.350000381469727,22.350000381469727,1267100
2023-12-19,22.639999389648438,23.420000076293945,22.639999389648438,22.940000534057617,22.940000534057617,1108600
2023-12-20,22.799999237060547,22.905000686645508,21.799999237060547,21.809999465942383,21.809999465942383,1147300
2023-12-21,22.200000762939453,22.770000457763672,21.940000534057617,22.739999771118164,22.739999771118164,1382500
2023-12-22,22.809999465942383,23.1200008392334,22.59000015258789,22.719999313354492,22.719999313354492,909700
2023-12-26,22.889999389648438,23.239999771118164,22.639999389648438,23.0,23.0,1025400
2023-12-27,23.06999969482422,23.170000076293945,22.364999771118164,22.5,22.5,893700
2023-12-28,22.5,22.950000762939453,22.290000915527344,22.540000915527344,22.540000915527344,977600
2023-12-29,22.540000915527344,22.65999984741211,22.191999435424805,22.239999771118164,22.239999771118164,952100
2024-01-02,21.857999801635742,23.149999618530273,21.649999618530273,22.219999313354492,22.219999313354492,1377900
2024-01-03,21.93000030517578,21.93400001525879,20.834999084472656,21.0,21.0,2061400
2024-01-04,20.959999084472656,21.299999237060547,20.8700008392334,21.010000228881836,21.010000228881836,846500
2024-01-05,20.81999969482422,21.260000228881836,20.700000762939453,20.959999084472656,20.959999084472656,1340400
2024-01-08,21.0,21.549999237060547,20.84000015258789,21.3700008392334,21.3700008392334,1079300
2024-01-09,21.09000015258789,22.469999313354492,21.065000534057617,22.079999923706055,22.079999923706055,1935000
2024-01-10,22.110000610351562,22.209999084472656,21.389999389648438,21.940000534057617,21.940000534057617,1317500
2024-01-11,21.899999618530273,22.0,21.0,21.190000534057617,21.190000534057617,1538800
2024-01-12,21.40999984741211,21.649999618530273,20.704999923706055,20.780000686645508,20.780000686645508,1437500
2024-01-16,20.760000228881836,21.65999984741211,20.722000122070312,21.56999969482422,21.56999969482422,3299200
2024-01-17,21.170000076293945,21.959999084472656,20.959999084472656,21.8799991607666,21.8799991607666,2159500
2024-01-18,22.040000915527344,23.010000228881836,21.93000030517578,22.899999618530273,22.899999618530273,2191300
2024-01-19,23.0,23.09000015258789,22.020000457763672,22.59000015258789,22.59000015258789,1703100
2024-01-22,22.700000762939453,23.389999389648438,22.600000381469727,23.06999969482422,23.06999969482422,1524200
2024-01-23,23.25,23.489999771118164,22.579999923706055,22.989999771118164,22.989999771118164,1152900
2024-01-24,23.450000762939453,23.474000930786133,22.618999481201172,22.719999313354492,22.719999313354492,1114800
2024-01-25,22.760000228881836,23.31999969482422,22.219999313354492,23.299999237060547,23.299999237060547,1798100
2024-01-26,23.399999618530273,23.649999618530273,23.0,23.25,23.25,1353300
2024-01-29,23.270000457763672,24.354999542236328,23.110000610351562,24.270000457763672,24.270000457763672,1614600
2024-01-30,24.139999389648438,24.229999542236328,23.875,24.030000686645508,24.030000686645508,1083300
2024-01-31,23.90999984741211,24.579999923706055,23.68000030517578,23.690000534057617,23.690000534057617,1172200
2024-02-01,23.90999984741211,24.156999588012695,23.549999237060547,24.1200008392334,24.1200008392334,878100
2024-02-02,23.719999313354492,24.239999771118164,23.6299991607666,24.0,24.0,775800
2024-02-05,23.68000030517578,23.809999465942383,23.329999923706055,23.540000915527344,23.540000915527344,1224700
2024-02-06,23.489999771118164,24.829999923706055,23.229999542236328,24.809999465942383,24.809999465942383,1529400
2024-02-07,24.84000015258789,25.149999618530273,24.409000396728516,25.010000228881836,25.010000228881836,1408400
2024-02-08,24.90999984741211,25.415000915527344,24.65999984741211,25.360000610351562,25.360000610351562,1096400
2024-02-09,25.5,26.020000457763672,25.059999465942383,25.959999084472656,25.959999084472656,1792400
2024-02-12,26.100000381469727,26.799999237060547,25.8799991607666,26.489999771118164,26.489999771118164,3254500
2024-02-13,23.940000534057617,25.1200008392334,23.5,23.670000076293945,23.670000076293945,3896700
2024-02-14,24.0,24.1299991607666,22.65999984741211,22.899999618530273,22.899999618530273,2716300
2024-02-15,23.260000228881836,24.030000686645508,23.15999984741211,23.770000457763672,23.770000457763672,1567900
2024-02-16,23.65999984741211,23.65999984741211,22.719999313354492,22.799999237060547,22.799999237060547,1802400
2024-02-20,21.56999969482422,22.0,19.700000762939453,20.969999313354492,20.969999313354492,6944100
2024-02-21,20.829999923706055,20.860000610351562,20.440000534057617,20.84000015258789,20.84000015258789,2203100
2024-02-22,20.860000610351562,21.065000534057617,20.469999313354492,20.690000534057617,20.690000534057617,1696900
2024-02-23,20.6200008392334,21.40999984741211,20.31999969482422,21.350000381469727,21.350000381469727,1549800
2024-02-26,21.34000015258789,21.649999618530273,21.200000762939453,21.440000534057617,21.440000534057617,1078400
2024-02-27,21.579999923706055,22.110000610351562,21.360000610351562,21.989999771118164,21.989999771118164,992400
2024-02-28,21.639999389648438,22.15999984741211,21.600000381469727,21.68000030517578,21.68000030517578,1416100
2024-02-29,22.020000457763672,22.219999313354492,21.68000030517578,22.0,22.0,1245600
2024-03-01,22.09000015258789,23.024999618530273,21.8799991607666,22.93000030517578,22.93000030517578,1434000
2024-03-04,22.860000610351562,23.459999084472656,22.700000762939453,23.219999313354492,23.219999313354492,1307000
2024-03-05,23.049999237060547,23.200000762939453,22.75,22.940000534057617,22.940000534057617,1025900
2024-03-06,22.780000686645508,23.34600067138672,22.6299991607666,22.760000228881836,22.760000228881836,773600
2024-03-07,22.959999084472656,23.079999923706055,22.6299991607666,22.670000076293945,22.670000076293945,795900
2024-03-08,23.0,23.3799991607666,21.959999084472656,21.969999313354492,21.969999313354492,1206300
2024-03-11,21.940000534057617,22.219999313354492,21.350000381469727,21.540000915527344,21.540000915527344,1017900
2024-03-12,21.420000076293945,21.600000381469727,21.079999923706055,21.459999084472656,21.459999084472656,1244200
2024-03-13,21.34000015258789,21.9950008392334,21.33300018310547,21.920000076293945,21.920000076293945,1112200
2024-03-14,21.850000381469727,21.969999313354492,21.229999542236328,21.329999923706055,21.329999923706055,1551300
2024-03-15,21.219999313354492,21.510000228881836,20.809999465942383,20.90999984741211,20.90999984741211,2008500
2024-03-18,21.06999969482422,21.170000076293945,20.709999084472656,20.760000228881836,20.760000228881836,1337600
2024-03-19,20.610000610351562,20.729999542236328,20.0,20.59000015258789,20.59000015258789,2308600
2024-03-20,20.579999923706055,21.3700008392334,20.270000457763672,21.239999771118164,21.239999771118164,1272000
2024-03-21,21.5,21.75,21.209999084472656,21.229999542236328,21.229999542236328,955300
2024-03-22,21.1299991607666,21.264999389648438,20.440000534057617,20.450000762939453,20.450000762939453,870900
2024-03-25,20.600000381469727,20.84000015258789,20.40999984741211,20.450000762939453,20.450000762939453,709600
2024-03-26,20.770000457763672,20.924999237060547,20.489999771118164,20.670000076293945,20.670000076293945,681400
2024-03-27,20.850000381469727,21.34000015258789,20.81999969482422,21.200000762939453,21.200000762939453,821700
2024-03-28,21.170000076293945,21.920000076293945,21.1200008392334,21.610000610351562,21.610000610351562,1012700
2024-04-01,21.700000762939453,21.7549991607666,20.8700008392334,21.0,21.0,739800
2024-04-02,20.649999618530273,20.684999465942383,20.420000076293945,20.610000610351562,20.610000610351562,928700
2024-04-03,20.5,20.738000869750977,20.450000762939453,20.6200008392334,20.6200008392334,947800
2024-04-04,20.969999313354492,20.979999542236328,19.809999465942383,19.829999923706055,19.829999923706055,2291300
2024-04-05,19.799999237060547,20.010000228881836,19.520000457763672,19.549999237060547,19.549999237060547,1393600
2024-04-08,19.549999237060547,19.989999771118164,19.3799991607666,19.790000915527344,19.790000915527344,1074400
2024-04-09,18.299999237060547,19.399999618530273,18.139999389648438,18.43000030517578,18.43000030517578,5041300
2024-04-10,18.0,18.9950008392334,17.739999771118164,18.889999389648438,18.889999389648438,2793800
2024-04-11,19.0,19.280000686645508,18.385000228881836,18.469999313354492,18.469999313354492,1375400
2024-04-12,18.200000762939453,18.389999389648438,17.8700008392334,17.920000076293945,17.920000076293945,1864800
2024-04-15,18.0,18.075000762939453,17.399999618530273,17.690000534057617,17.690000534057617,2195900
2024-04-16,17.549999237060547,17.8700008392334,17.290000915527344,17.6200008392334,17.6200008392334,1279100
2024-04-17,17.809999465942383,17.90999984741211,17.440000534057617,17.450000762939453,17.450000762939453,946600
2024-04-18,17.520000457763672,17.947999954223633,17.29199981689453,17.34000015258789,17.34000015258789,1504700
2024-04-19,17.209999084472656,17.56999969482422,16.959999084472656,17.40999984741211,17.40999984741211,1703800
2024-04-22,17.549999237060547,17.549999237060547,16.975000381469727,17.139999389648438,17.139999389648438,1218500
2024-04-23,17.299999237060547,17.799999237060547,17.200000762939453,17.3700008392334,17.3700008392334,923500
2024-04-24,17.399999618530273,17.440000534057617,17.15999984741211,17.360000610351562,17.360000610351562,924900
2024-04-25,17.18000030517578,17.18000030517578,16.81999969482422,17.020000457763672,17.020000457763672,1032400
2024-04-26,17.030000686645508,17.31999969482422,16.8700008392334,17.139999389648438,17.139999389648438,970000
2024-04-29,17.200000762939453,17.489999771118164,17.06999969482422,17.229999542236328,17.229999542236328,920800
2024-04-30,17.010000228881836,17.325000762939453,16.84000015258789,17.190000534057617,17.190000534057617,1114400
2024-05-01,17.190000534057617,17.729999542236328,16.920000076293945,17.239999771118164,17.239999771118164,1571500
2024-05-02,17.0,18.079999923706055,16.719999313354492,17.360000610351562,17.360000610351562,2644300
2024-05-03,17.729999542236328,18.06999969482422,17.25,17.639999389648438,17.639999389648438,1596100
2024-05-06,17.90999984741211,18.65999984741211,17.90999984741211,18.649999618530273,18.649999618530273,1554700
2024-05-07,18.670000076293945,18.950000762939453,18.44499969482422,18.5,18.5,1185500
2024-05-08,18.270000457763672,18.540000915527344,18.18000030517578,18.299999237060547,18.299999237060547,1185700
2024-05-09,18.40999984741211,18.520000457763672,18.31999969482422,18.360000610351562,18.360000610351562,1150500
2024-05-10,18.5,18.510000228881836,18.09000015258789,18.100000381469727,18.100000381469727,1001700
2024-05-13,18.25,18.700000762939453,18.25,18.489999771118164,18.489999771118164,937800
2024-05-14,18.8799991607666,18.93000030517578,18.479999542236328,18.579999923706055,18.579999923706055,978000
2024-05-15,18.864999771118164,19.045000076293945,18.5,18.850000381469727,18.850000381469727,1190300
2024-05-16,18.670000076293945,18.809999465942383,18.59000015258789,18.639999389648438,18.639999389648438,1024600
2024-05-17,18.670000076293945,18.670000076293945,18.434999465942383,18.459999084472656,18.459999084472656,786100
2024-05-20,18.059999465942383,19.059999465942383,18.059999465942383,19.0,19.0,813000
2024-05-21,18.850000381469727,18.899999618530273,18.6299991607666,18.75,18.75,763900
2024-05-22,18.709999084472656,19.110000610351562,18.579999923706055,19.100000381469727,19.100000381469727,1031000
2024-05-23,19.15999984741211,19.174999237060547,18.405000686645508,18.450000762939453,18.450000762939453,1118600
2024-05-24,18.549999237060547,18.6299991607666,18.360000610351562,18.479999542236328,18.479999542236328,921700
2024-05-28,18.760000228881836,19.709999084472656,18.68000030517578,19.6200008392334,19.6200008392334,1599300
2024-05-29,19.309999465942383,19.450000762939453,18.739999771118164,18.760000228881836,18.760000228881836,957200
2024-05-30,18.940000534057617,19.079999923706055,18.735000610351562,18.8700008392334,18.8700008392334,640900
2024-05-31,19.040000915527344,19.18000030517578,18.71500015258789,19.1299991607666,19.1299991607666,799600
2024-06-03,19.229999542236328,19.280000686645508,18.770000457763672,19.25,19.25,892200
2024-06-04,19.100000381469727,19.25,18.75,18.81999969482422,18.81999969482422,718900
2024-06-05,18.850000381469727,18.8700008392334,18.389999389648438,18.729999542236328,18.729999542236328,1317500
2024-06-06,18.600000381469727,18.66900062561035,18.25,18.3700008392334,18.3700008392334,1379000
2024-06-07,18.170000076293945,18.520000457763672,18.079999923706055,18.25,18.25,1552500
2024-06-10,18.139999389648438,18.829999923706055,18.055999755859375,18.6299991607666,18.6299991607666,1451600
2024-06-11,18.440000534057617,18.90999984741211,18.389999389648438,18.81999969482422,18.81999969482422,785000
2024-06-12,19.270000457763672,19.398000717163086,18.299999237060547,18.329999923706055,18.329999923706055,1233300
2024-06-13,18.270000457763672,18.5,18.020000457763672,18.200000762939453,18.200000762939453,922000
2024-06-14,18.010000228881836,18.43000030517578,18.010000228881836,18.239999771118164,18.239999771118164,893100
2024-06-17,18.209999084472656,18.559999465942383,18.1200008392334,18.360000610351562,18.360000610351562,1098900
2024-06-18,18.299999237060547,18.5,17.3799991607666,17.40999984741211,17.40999984741211,1694300
2024-06-20,17.450000762939453,17.905000686645508,17.31999969482422,17.809999465942383,17.809999465942383,1330300
2024-06-21,17.780000686645508,18.239999771118164,17.739999771118164,18.170000076293945,18.170000076293945,1157300
2024-06-24,18.200000762939453,18.3700008392334,17.915000915527344,18.030000686645508,18.030000686645508,1298300
2024-06-25,18.030000686645508,18.100000381469727,17.820999145507812,18.0,18.0,1255400
2024-06-26,17.899999618530273,18.06999969482422,17.2549991607666,17.309999465942383,17.309999465942383,1689700
2024-06-27,17.270000457763672,18.06999969482422,17.209999084472656,18.059999465942383,18.059999465942383,1098700
2024-06-28,18.229999542236328,18.454999923706055,18.1200008392334,18.239999771118164,18.239999771118164,4030900
2024-07-01,18.209999084472656,18.559999465942383,17.829999923706055,17.8700008392334,17.8700008392334,1479300
2024-07-02,17.8700008392334,17.979999542236328,17.149999618530273,17.40999984741211,17.40999984741211,1196600
2024-07-03,17.450000762939453,17.8799991607666,17.440000534057617,17.479999542236328,17.479999542236328,902300
2024-07-05,17.479999542236328,17.579999923706055,17.190000534057617,17.3700008392334,17.3700008392334,1050400
2024-07-08,17.399999618530273,17.6299991607666,17.25,17.40999984741211,17.40999984741211,1269300
2024-07-09,17.399999618530273,17.469999313354492,17.15999984741211,17.170000076293945,17.170000076293945,1614500
2024-07-10,17.219999313354492,17.559999465942383,17.200000762939453,17.549999237060547,17.549999237060547,1093300
2024-07-11,16.610000610351562,17.549999237060547,16.440000534057617,16.81999969482422,16.81999969482422,4253800
2024-07-12,16.979999542236328,18.030000686645508,16.95800018310547,17.8700008392334,17.8700008392334,2370800
2024-07-15,17.959999084472656,18.18000030517578,17.520000457763672,17.829999923706055,17.829999923706055,1449800
2024-07-16,17.979999542236328,19.075000762939453,17.94300079345703,19.059999465942383,19.059999465942383,1185700
2024-07-17,18.979999542236328,19.600000381469727,18.69499969482422,18.719999313354492,18.719999313354492,1348100
2024-07-18,18.610000610351562,18.760000228881836,17.920000076293945,17.940000534057617,17.940000534057617,1093500
2024-07-19,17.969999313354492,17.969999313354492,17.329999923706055,17.690000534057617,17.690000534057617,740100
