Date,Open,High,Low,Close,Adj Close,Volume
2021-09-22,65.26000213623047,65.98999786376953,58.209999084472656,62.5099983215332,62.5099983215332,14255600
2021-09-23,62.31999969482422,64.94000244140625,59.0,59.0,59.0,4579100
2021-09-24,59.5,61.19499969482422,53.0,55.779998779296875,55.779998779296875,3928200
2021-09-27,55.5099983215332,56.37300109863281,54.11000061035156,54.900001525878906,54.900001525878906,2277900
2021-09-28,54.02000045776367,54.25,50.099998474121094,50.849998474121094,50.849998474121094,3988000
2021-09-29,50.599998474121094,52.86000061035156,49.0,49.779998779296875,49.779998779296875,1676500
2021-09-30,49.93000030517578,52.888999938964844,49.84000015258789,49.95000076293945,49.95000076293945,1438400
2021-10-01,50.09000015258789,53.849998474121094,49.88999938964844,53.54999923706055,53.54999923706055,959800
2021-10-04,53.54999923706055,53.650001525878906,50.65999984741211,52.06999969482422,52.06999969482422,1285200
2021-10-05,51.81999969482422,55.595001220703125,51.56999969482422,52.099998474121094,52.099998474121094,1641500
2021-10-06,51.540000915527344,53.5,51.06999969482422,52.119998931884766,52.119998931884766,964400
2021-10-07,52.5099983215332,55.29999923706055,52.41999816894531,53.0,53.0,745100
2021-10-08,53.54999923706055,54.0,51.18000030517578,51.81999969482422,51.81999969482422,383800
2021-10-11,51.790000915527344,52.345001220703125,50.20000076293945,51.36000061035156,51.36000061035156,1174200
2021-10-12,51.36000061035156,52.13399887084961,50.40999984741211,50.939998626708984,50.939998626708984,835800
2021-10-13,51.380001068115234,54.65999984741211,51.24599838256836,54.43000030517578,54.43000030517578,877300
2021-10-14,54.68000030517578,56.75,53.56999969482422,56.36000061035156,56.36000061035156,1095600
2021-10-15,56.790000915527344,58.45000076293945,54.81999969482422,56.209999084472656,56.209999084472656,1598800
2021-10-18,55.4900016784668,56.7400016784668,51.43000030517578,51.5,51.5,1618900
2021-10-19,51.70000076293945,54.79999923706055,51.400001525878906,52.540000915527344,52.540000915527344,1377300
2021-10-20,52.720001220703125,52.849998474121094,50.54999923706055,50.959999084472656,50.959999084472656,1078900
2021-10-21,50.5,52.849998474121094,50.5,51.33000183105469,51.33000183105469,677800
2021-10-22,51.349998474121094,51.9900016784668,48.650001525878906,49.619998931884766,49.619998931884766,906600
2021-10-25,49.619998931884766,53.43000030517578,49.61000061035156,52.7400016784668,52.7400016784668,1165000
2021-10-26,52.810001373291016,54.13999938964844,51.31700134277344,53.279998779296875,53.279998779296875,650200
2021-10-27,52.90999984741211,56.380001068115234,52.529998779296875,52.7599983215332,52.7599983215332,1073200
2021-10-28,53.290000915527344,55.81999969482422,52.709999084472656,53.04999923706055,53.04999923706055,1074500
2021-10-29,52.97999954223633,54.970001220703125,52.709999084472656,53.220001220703125,53.220001220703125,535300
2021-11-01,54.540000915527344,57.20000076293945,54.540000915527344,57.15999984741211,57.15999984741211,1126900
2021-11-02,57.15999984741211,65.7300033569336,57.15999984741211,65.22000122070312,65.22000122070312,2734300
2021-11-03,66.12999725341797,69.93000030517578,60.43000030517578,62.9900016784668,62.9900016784668,2613400
2021-11-04,63.29999923706055,64.05000305175781,58.20000076293945,60.2599983215332,60.2599983215332,1536300
2021-11-05,60.29999923706055,62.689998626708984,57.310001373291016,59.0,59.0,975800
2021-11-08,56.29999923706055,58.61899948120117,55.58000183105469,58.34000015258789,58.34000015258789,1336300
2021-11-09,57.93000030517578,61.75,55.58300018310547,60.75,60.75,1943500
2021-11-10,54.150001525878906,55.25,49.507999420166016,50.0099983215332,50.0099983215332,5702800
2021-11-11,47.959999084472656,50.0,46.400001525878906,48.36000061035156,48.36000061035156,4420400
2021-11-12,48.0,49.97999954223633,46.63999938964844,48.130001068115234,48.130001068115234,6363400
2021-11-15,48.0,48.9900016784668,47.04999923706055,47.970001220703125,47.970001220703125,3086900
2021-11-16,47.5,48.33000183105469,47.279998779296875,48.0,48.0,3506400
2021-11-17,47.900001525878906,48.0099983215332,46.19499969482422,47.0,47.0,3199500
2021-11-18,47.0,47.18000030517578,42.75,43.099998474121094,43.099998474121094,3696900
2021-11-19,43.08000183105469,45.290000915527344,42.06999969482422,45.06999969482422,45.06999969482422,2995500
2021-11-22,44.9900016784668,45.400001525878906,43.130001068115234,43.720001220703125,43.720001220703125,4980600
2021-11-23,43.63999938964844,44.45000076293945,40.02000045776367,41.5,41.5,4853400
2021-11-24,40.70000076293945,43.685001373291016,40.099998474121094,43.25,43.25,2317900
2021-11-26,41.310001373291016,43.22999954223633,41.099998474121094,43.099998474121094,43.099998474121094,1854800
2021-11-29,43.5,44.34000015258789,42.5,43.68000030517578,43.68000030517578,1839200
2021-11-30,43.22999954223633,43.900001525878906,39.77000045776367,39.9900016784668,39.9900016784668,3836300
2021-12-01,41.220001220703125,41.220001220703125,34.33000183105469,35.310001373291016,35.310001373291016,5096200
2021-12-02,36.0099983215332,36.18000030517578,32.650001525878906,35.689998626708984,35.689998626708984,4810100
2021-12-03,36.189998626708984,36.189998626708984,32.20000076293945,34.439998626708984,34.439998626708984,3833800
2021-12-06,34.11000061035156,37.09000015258789,32.95000076293945,36.7400016784668,36.7400016784668,3466900
2021-12-07,38.13999938964844,40.15999984741211,38.0,39.650001525878906,39.650001525878906,2771500
2021-12-08,39.58000183105469,40.79999923706055,38.28099822998047,40.380001068115234,40.380001068115234,2085900
2021-12-09,40.119998931884766,41.400001525878906,36.709999084472656,37.189998626708984,37.189998626708984,1729600
2021-12-10,37.20000076293945,38.27000045776367,36.0099983215332,37.27000045776367,37.27000045776367,2190600
2021-12-13,36.97999954223633,37.52000045776367,33.810001373291016,34.5,34.5,3483500
2021-12-14,33.18000030517578,35.380001068115234,33.029998779296875,34.0,34.0,2661600
2021-12-15,33.34000015258789,34.790000915527344,30.850000381469727,33.43000030517578,33.43000030517578,5516900
2021-12-16,35.369998931884766,37.650001525878906,32.7599983215332,32.849998474121094,32.849998474121094,6161900
2021-12-17,32.290000915527344,35.91999816894531,30.690000534057617,34.88999938964844,34.88999938964844,7693200
2021-12-20,33.68000030517578,35.20000076293945,33.25,34.130001068115234,34.130001068115234,2264200
2021-12-21,34.65999984741211,38.13999938964844,34.130001068115234,37.63999938964844,37.63999938964844,2386400
2021-12-22,37.58000183105469,39.7599983215332,36.97999954223633,37.84000015258789,37.84000015258789,2427400
2021-12-23,37.7400016784668,40.2599983215332,37.25400161743164,39.630001068115234,39.630001068115234,2372600
2021-12-27,39.939998626708984,40.130001068115234,38.630001068115234,38.95000076293945,38.95000076293945,1132800
2021-12-28,38.66999816894531,38.66999816894531,35.849998474121094,36.779998779296875,36.779998779296875,2979600
2021-12-29,35.75,37.525001525878906,35.130001068115234,37.11000061035156,37.11000061035156,1427900
2021-12-30,37.380001068115234,38.31999969482422,36.36000061035156,36.7599983215332,36.7599983215332,1486200
2021-12-31,36.470001220703125,37.52000045776367,34.5,34.709999084472656,34.709999084472656,1781000
2022-01-03,34.900001525878906,35.54999923706055,32.650001525878906,33.029998779296875,33.029998779296875,3030200
2022-01-04,33.459999084472656,33.59000015258789,29.149999618530273,30.860000610351562,30.860000610351562,4519800
2022-01-05,30.850000381469727,30.989999771118164,27.530000686645508,27.8799991607666,27.8799991607666,5260200
2022-01-06,27.399999618530273,28.8799991607666,25.950000762939453,28.5,28.5,4142600
2022-01-07,28.90999984741211,30.030000686645508,28.010000228881836,28.399999618530273,28.399999618530273,2332700
2022-01-10,27.600000381469727,28.184999465942383,26.149999618530273,27.700000762939453,27.700000762939453,2168000
2022-01-11,27.93000030517578,30.3799991607666,27.75,29.770000457763672,29.770000457763672,2853900
2022-01-12,30.139999389648438,30.940000534057617,27.709999084472656,28.40999984741211,28.40999984741211,2605900
2022-01-13,28.420000076293945,28.690000534057617,26.530000686645508,26.950000762939453,26.950000762939453,1841900
2022-01-14,26.5,27.450000762939453,24.690000534057617,25.200000762939453,25.200000762939453,3318900
2022-01-18,24.649999618530273,25.5,23.709999084472656,24.270000457763672,24.270000457763672,2755700
2022-01-19,24.75,25.410999298095703,24.139999389648438,24.200000762939453,24.200000762939453,2853000
2022-01-20,24.450000762939453,26.440000534057617,22.75,23.020000457763672,23.020000457763672,3704600
2022-01-21,22.700000762939453,23.729999542236328,20.799999237060547,22.559999465942383,22.559999465942383,5718800
2022-01-24,21.709999084472656,23.3700008392334,19.8700008392334,23.139999389648438,23.139999389648438,8212100
2022-01-25,22.06999969482422,23.18000030517578,20.530000686645508,21.209999084472656,21.209999084472656,4018500
2022-01-26,22.06999969482422,23.25,18.719999313354492,19.610000610351562,19.610000610351562,5277400
2022-01-27,20.719999313354492,20.799999237060547,19.280000686645508,19.93000030517578,19.93000030517578,3932400
2022-01-28,20.010000228881836,20.780000686645508,18.860000610351562,20.360000610351562,20.360000610351562,5361500
2022-01-31,20.469999313354492,23.350000381469727,20.399999618530273,22.8799991607666,22.8799991607666,3520200
2022-02-01,23.8700008392334,26.329999923706055,23.25,25.719999313354492,25.719999313354492,6110800
2022-02-02,25.34000015258789,26.329999923706055,24.200000762939453,24.459999084472656,24.459999084472656,4916200
2022-02-03,22.389999389648438,24.25,21.559999465942383,22.049999237060547,22.049999237060547,4715800
2022-02-04,22.020000457763672,23.350000381469727,21.59000015258789,23.059999465942383,23.059999465942383,3231300
2022-02-07,22.989999771118164,24.90999984741211,22.969999313354492,24.670000076293945,24.670000076293945,2758900
2022-02-08,24.260000228881836,25.950000762939453,23.770000457763672,25.809999465942383,25.809999465942383,2105100
2022-02-09,26.440000534057617,28.690000534057617,26.34000015258789,27.8799991607666,27.8799991607666,2915600
2022-02-10,26.059999465942383,30.600000381469727,26.020999908447266,27.760000228881836,27.760000228881836,3911100
2022-02-11,27.920000076293945,29.450000762939453,26.860000610351562,27.59000015258789,27.59000015258789,2187100
2022-02-14,27.489999771118164,28.899999618530273,26.881000518798828,27.440000534057617,27.440000534057617,2385000
2022-02-15,28.270000457763672,29.3700008392334,26.93000030517578,28.1200008392334,28.1200008392334,4635400
2022-02-16,22.950000762939453,24.399999618530273,22.100000381469727,23.0,23.0,12384300
2022-02-17,21.5,21.850000381469727,20.190000534057617,21.670000076293945,21.670000076293945,10803600
2022-02-18,20.959999084472656,21.899999618530273,19.7450008392334,20.8700008392334,20.8700008392334,6848500
2022-02-22,20.200000762939453,21.8700008392334,19.139999389648438,19.489999771118164,19.489999771118164,5519700
2022-02-23,19.920000076293945,20.100000381469727,17.639999389648438,17.790000915527344,17.790000915527344,6168200
2022-02-24,16.600000381469727,20.1299991607666,16.600000381469727,20.079999923706055,20.079999923706055,5492100
2022-02-25,20.200000762939453,20.43000030517578,18.420000076293945,20.260000228881836,20.260000228881836,3374500
2022-02-28,20.149999618530273,21.209999084472656,19.549999237060547,20.520000457763672,20.520000457763672,4285800
2022-03-01,20.399999618530273,21.040000915527344,19.233999252319336,19.59000015258789,19.59000015258789,4024100
2022-03-02,19.739999771118164,20.860000610351562,19.549999237060547,20.5,20.5,5105600
2022-03-03,20.579999923706055,20.68000030517578,19.524999618530273,19.639999389648438,19.639999389648438,6343800
2022-03-04,19.510000228881836,19.520000457763672,17.809999465942383,17.889999389648438,17.889999389648438,5534500
2022-03-07,17.549999237060547,17.700000762939453,16.520000457763672,17.209999084472656,17.209999084472656,5165600
2022-03-08,17.0,18.450000762939453,16.530000686645508,17.56999969482422,17.56999969482422,5276700
2022-03-09,18.1200008392334,19.850000381469727,18.1200008392334,19.450000762939453,19.450000762939453,4757200
2022-03-10,19.0,19.860000610351562,18.579999923706055,19.610000610351562,19.610000610351562,3865800
2022-03-11,19.600000381469727,20.149999618530273,17.559999465942383,17.6299991607666,17.6299991607666,3813300
2022-03-14,17.420000076293945,17.834999084472656,15.824999809265137,16.260000228881836,16.260000228881836,6186400
2022-03-15,16.459999084472656,17.489999771118164,16.2549991607666,17.3799991607666,17.3799991607666,4396300
2022-03-16,17.68000030517578,18.920000076293945,17.649999618530273,18.719999313354492,18.719999313354492,6229600
2022-03-17,18.739999771118164,19.371999740600586,17.93000030517578,18.940000534057617,18.940000534057617,9095300
2022-03-18,18.920000076293945,20.940000534057617,18.6200008392334,19.649999618530273,19.649999618530273,8389000
2022-03-21,19.059999465942383,20.3700008392334,18.25,20.049999237060547,20.049999237060547,3710800
2022-03-22,19.670000076293945,21.020000457763672,19.040000915527344,20.239999771118164,20.239999771118164,3326800
2022-03-23,20.079999923706055,20.920000076293945,19.479999542236328,19.90999984741211,19.90999984741211,3711000
2022-03-24,20.1200008392334,20.469999313354492,18.989999771118164,20.0,20.0,2758200
2022-03-25,20.139999389648438,20.389999389648438,18.959999084472656,19.440000534057617,19.440000534057617,1894800
2022-03-28,19.25,19.920000076293945,18.079999923706055,19.229999542236328,19.229999542236328,2671900
2022-03-29,19.84000015258789,22.049999237060547,19.770000457763672,21.639999389648438,21.639999389648438,7973600
2022-03-30,20.989999771118164,23.049999237060547,20.709999084472656,21.889999389648438,21.889999389648438,4542600
2022-03-31,22.0,22.665000915527344,21.520000457763672,21.729999542236328,21.729999542236328,2893500
2022-04-01,21.959999084472656,23.639999389648438,21.950000762939453,22.760000228881836,22.760000228881836,3145900
2022-04-04,23.1200008392334,24.357999801635742,22.780000686645508,24.049999237060547,24.049999237060547,3408400
2022-04-05,22.719999313354492,22.860000610351562,20.77899932861328,21.190000534057617,21.190000534057617,6030700
2022-04-06,20.600000381469727,20.860000610351562,19.559999465942383,20.600000381469727,20.600000381469727,5799100
2022-04-07,20.309999465942383,20.350000381469727,18.649999618530273,19.06999969482422,19.06999969482422,6887100
2022-04-08,18.219999313354492,19.3799991607666,17.920000076293945,18.809999465942383,18.809999465942383,7029700
2022-04-11,18.489999771118164,19.18000030517578,18.110000610351562,18.809999465942383,18.809999465942383,4609900
2022-04-12,19.209999084472656,20.049999237060547,18.549999237060547,18.760000228881836,18.760000228881836,4403600
2022-04-13,18.549999237060547,20.170000076293945,18.190000534057617,19.6200008392334,19.6200008392334,5388300
2022-04-14,19.34000015258789,19.530000686645508,18.729999542236328,19.299999237060547,19.299999237060547,3697100
2022-04-18,19.15999984741211,19.360000610351562,18.13599967956543,19.170000076293945,19.170000076293945,5001900
2022-04-19,19.200000762939453,20.5,19.139999389648438,20.200000762939453,20.200000762939453,4850200
2022-04-20,20.309999465942383,20.389999389648438,19.350000381469727,19.709999084472656,19.709999084472656,3540700
2022-04-21,20.209999084472656,20.950000762939453,19.040000915527344,19.229999542236328,19.229999542236328,5340400
2022-04-22,19.239999771118164,20.049999237060547,18.479999542236328,18.799999237060547,18.799999237060547,3915500
2022-04-25,18.610000610351562,19.729999542236328,18.25,19.270000457763672,19.270000457763672,4572800
2022-04-26,19.5,19.729999542236328,18.110000610351562,18.959999084472656,18.959999084472656,5108000
2022-04-27,18.93000030517578,20.190000534057617,18.770000457763672,19.209999084472656,19.209999084472656,3801800
2022-04-28,19.350000381469727,20.8700008392334,18.90999984741211,20.59000015258789,20.59000015258789,3990000
2022-04-29,19.280000686645508,20.139999389648438,18.37299919128418,18.6299991607666,18.6299991607666,6498100
2022-05-02,18.719999313354492,19.475000381469727,18.3799991607666,19.40999984741211,19.40999984741211,2636300
2022-05-03,19.270000457763672,19.940000534057617,18.459999084472656,18.510000228881836,18.510000228881836,3852400
2022-05-04,18.200000762939453,18.389999389648438,16.190000534057617,18.260000228881836,18.260000228881836,6922500
2022-05-05,17.799999237060547,17.8799991607666,16.1299991607666,16.450000762939453,16.450000762939453,5041600
2022-05-06,16.1299991607666,16.389999389648438,14.40999984741211,15.369999885559082,15.369999885559082,6654400
2022-05-09,14.979999542236328,15.289999961853027,13.420000076293945,13.770000457763672,13.770000457763672,8561800
2022-05-10,14.119999885559082,14.640000343322754,13.069999694824219,13.920000076293945,13.920000076293945,5644300
2022-05-11,13.489999771118164,13.869999885559082,12.449999809265137,12.680000305175781,12.680000305175781,6291700
2022-05-12,12.3100004196167,14.5600004196167,11.90999984741211,14.289999961853027,14.289999961853027,16092700
2022-05-13,16.290000915527344,16.530000686645508,14.479999542236328,14.989999771118164,14.989999771118164,12731100
2022-05-16,15.199999809265137,15.239999771118164,13.779999732971191,13.899999618530273,13.899999618530273,6793000
2022-05-17,13.9399995803833,14.829999923706055,13.010000228881836,13.510000228881836,13.510000228881836,7572500
2022-05-18,13.210000038146973,14.079999923706055,12.84000015258789,13.210000038146973,13.210000038146973,5567700
2022-05-19,13.029999732971191,15.34000015258789,13.029999732971191,14.789999961853027,14.789999961853027,7632100
2022-05-20,15.260000228881836,16.170000076293945,14.149999618530273,15.359999656677246,15.359999656677246,7608700
2022-05-23,15.25,15.510000228881836,14.609999656677246,15.319999694824219,15.319999694824219,4675000
2022-05-24,15.039999961853027,15.039999961853027,13.979999542236328,14.369999885559082,14.369999885559082,7723900
2022-05-25,14.359999656677246,15.329999923706055,14.359999656677246,14.949999809265137,14.949999809265137,3275900
2022-05-26,14.829999923706055,16.139999389648438,14.699999809265137,15.640000343322754,15.640000343322754,3968800
2022-05-27,15.739999771118164,17.0,15.739999771118164,16.520000457763672,16.520000457763672,4296100
2022-05-31,16.729999542236328,16.959999084472656,16.059999465942383,16.239999771118164,16.239999771118164,7388700
2022-06-01,15.600000381469727,16.40999984741211,15.130000114440918,15.640000343322754,15.640000343322754,5924000
2022-06-02,15.579999923706055,17.3799991607666,15.479999542236328,16.93000030517578,16.93000030517578,4815500
2022-06-03,16.56999969482422,17.0,16.260000228881836,16.719999313354492,16.719999313354492,4388200
2022-06-06,17.25,17.670000076293945,15.694999694824219,16.110000610351562,16.110000610351562,5721900
2022-06-07,15.819999694824219,16.8700008392334,15.640000343322754,16.25,16.25,4322600
2022-06-08,16.350000381469727,17.239999771118164,16.1200008392334,16.229999542236328,16.229999542236328,4954500
2022-06-09,16.1200008392334,17.209999084472656,15.75,15.9399995803833,15.9399995803833,7438000
2022-06-10,15.4399995803833,15.555000305175781,14.270000457763672,14.979999542236328,14.979999542236328,6900200
2022-06-13,14.010000228881836,14.649999618530273,13.529999732971191,14.029999732971191,14.029999732971191,7679800
2022-06-14,14.15999984741211,14.380000114440918,13.680000305175781,13.850000381469727,13.850000381469727,8315900
2022-06-15,13.979999542236328,14.289999961853027,13.324999809265137,13.729999542236328,13.729999542236328,13324500
2022-06-16,13.210000038146973,14.104999542236328,12.875,13.0600004196167,13.0600004196167,10803400
2022-06-17,13.25,13.989999771118164,12.90999984741211,13.119999885559082,13.119999885559082,19618900
2022-06-21,13.289999961853027,14.949999809265137,13.289999961853027,13.880000114440918,13.880000114440918,8429700
2022-06-22,13.579999923706055,14.359999656677246,13.5600004196167,13.930000305175781,13.930000305175781,7148300
2022-06-23,14.020000457763672,15.180000305175781,14.020000457763672,14.819999694824219,14.819999694824219,5502900
2022-06-24,15.119999885559082,15.319999694824219,14.720000267028809,15.149999618530273,15.149999618530273,19563900
2022-06-27,15.149999618530273,15.3100004196167,14.319999694824219,14.819999694824219,14.819999694824219,3686600
2022-06-28,14.630000114440918,15.050000190734863,13.899999618530273,13.9399995803833,13.9399995803833,3301100
2022-06-29,13.819999694824219,13.880000114440918,12.979999542236328,13.15999984741211,13.15999984741211,4668100
2022-06-30,12.90999984741211,12.989999771118164,12.149999618530273,12.9399995803833,12.9399995803833,5585800
2022-07-01,12.989999771118164,13.774999618530273,12.989999771118164,13.699999809265137,13.699999809265137,3696200
2022-07-05,13.460000038146973,14.239999771118164,13.210000038146973,14.0,14.0,4330300
2022-07-06,14.079999923706055,14.569999694824219,13.739999771118164,13.90999984741211,13.90999984741211,3349500
2022-07-07,13.880000114440918,15.100000381469727,13.880000114440918,14.960000038146973,14.960000038146973,4552900
2022-07-08,14.949999809265137,15.005000114440918,14.130000114440918,14.569999694824219,14.569999694824219,3393300
2022-07-11,14.279999732971191,14.390000343322754,13.75,14.029999732971191,14.029999732971191,3012100
2022-07-12,14.100000381469727,15.09000015258789,13.630000114440918,14.390000343322754,14.390000343322754,5497500
2022-07-13,13.760000228881836,14.619999885559082,13.65999984741211,14.460000038146973,14.460000038146973,4778500
2022-07-14,14.390000343322754,14.5,13.65999984741211,13.699999809265137,13.699999809265137,2853600
2022-07-15,13.979999542236328,14.430000305175781,13.539999961853027,13.989999771118164,13.989999771118164,2665000
2022-07-18,14.260000228881836,14.710000038146973,13.944000244140625,14.029999732971191,14.029999732971191,3367900
2022-07-19,14.229999542236328,14.609999656677246,13.670000076293945,14.5600004196167,14.5600004196167,6071100
2022-07-20,14.529999732971191,15.5,14.529999732971191,15.239999771118164,15.239999771118164,5253200
2022-07-21,14.899999618530273,15.418999671936035,14.869999885559082,15.199999809265137,15.199999809265137,2141800
2022-07-22,15.34000015258789,15.710000038146973,14.430000305175781,14.680000305175781,14.680000305175781,3811000
2022-07-25,14.65999984741211,14.6850004196167,14.199999809265137,14.369999885559082,14.369999885559082,1915300
2022-07-26,14.199999809265137,14.199999809265137,13.654999732971191,13.949999809265137,13.949999809265137,4505900
2022-07-27,14.40999984741211,15.204999923706055,14.300000190734863,15.050000190734863,15.050000190734863,3162700
2022-07-28,15.09000015258789,16.100000381469727,14.979999542236328,15.970000267028809,15.970000267028809,4303000
2022-07-29,15.90999984741211,16.437000274658203,15.449999809265137,15.979999542236328,15.979999542236328,5172300
2022-08-01,15.760000228881836,15.970000267028809,15.369999885559082,15.890000343322754,15.890000343322754,3949900
2022-08-02,14.850000381469727,16.020000457763672,14.65999984741211,15.9399995803833,15.9399995803833,6919600
2022-08-03,16.100000381469727,17.065000534057617,15.9399995803833,16.700000762939453,16.700000762939453,7007600
2022-08-04,16.899999618530273,17.31999969482422,16.329999923706055,16.8799991607666,16.8799991607666,4295500
2022-08-05,16.149999618530273,16.799999237060547,15.609999656677246,16.559999465942383,16.559999465942383,5467700
2022-08-08,16.790000915527344,18.110000610351562,16.610000610351562,17.639999389648438,17.639999389648438,8282100
2022-08-09,17.329999923706055,17.399999618530273,16.424999237060547,16.979999542236328,16.979999542236328,4736400
2022-08-10,18.0,18.739999771118164,17.690000534057617,18.459999084472656,18.459999084472656,5795500
2022-08-11,19.25,19.25,17.950000762939453,18.149999618530273,18.149999618530273,7434500
2022-08-12,21.709999084472656,21.760000228881836,19.469999313354492,19.639999389648438,19.639999389648438,20733900
2022-08-15,19.170000076293945,19.575000762939453,18.760000228881836,19.170000076293945,19.170000076293945,8635700
2022-08-16,18.950000762939453,21.610000610351562,18.6200008392334,20.639999389648438,20.639999389648438,11370100
2022-08-17,20.020000457763672,20.18000030517578,18.799999237060547,19.489999771118164,19.489999771118164,8765800
2022-08-18,19.31999969482422,19.40999984741211,18.540000915527344,18.850000381469727,18.850000381469727,6319400
2022-08-19,18.5,18.725000381469727,17.969999313354492,18.3700008392334,18.3700008392334,5232400
2022-08-22,17.84000015258789,18.270000457763672,17.635000228881836,18.170000076293945,18.170000076293945,5354500
2022-08-23,18.549999237060547,19.1299991607666,18.280000686645508,18.440000534057617,18.440000534057617,3082300
2022-08-24,18.420000076293945,19.860000610351562,18.18000030517578,19.649999618530273,19.649999618530273,5456100
2022-08-25,19.770000457763672,20.049999237060547,19.440000534057617,19.850000381469727,19.850000381469727,5040200
2022-08-26,19.709999084472656,19.90999984741211,18.440000534057617,18.719999313354492,18.719999313354492,3867100
2022-08-29,18.309999465942383,18.989999771118164,18.280000686645508,18.690000534057617,18.690000534057617,3169800
2022-08-30,19.06999969482422,19.31999969482422,18.239999771118164,18.639999389648438,18.639999389648438,2443900
2022-08-31,18.920000076293945,19.420000076293945,18.68000030517578,18.93000030517578,18.93000030517578,3593500
2022-09-01,18.75,18.799999237060547,17.790000915527344,18.530000686645508,18.530000686645508,4946300
2022-09-02,18.760000228881836,18.788000106811523,18.190000534057617,18.389999389648438,18.389999389648438,3470500
2022-09-06,18.420000076293945,18.790000915527344,18.139999389648438,18.360000610351562,18.360000610351562,3349400
2022-09-07,18.25,19.100000381469727,18.02199935913086,19.079999923706055,19.079999923706055,3135400
2022-09-08,18.639999389648438,20.40999984741211,18.600000381469727,20.3799991607666,20.3799991607666,6686100
2022-09-09,20.549999237060547,21.59000015258789,20.549999237060547,21.440000534057617,21.440000534057617,6419800
2022-09-12,21.559999465942383,22.46500015258789,21.55500030517578,22.290000915527344,22.290000915527344,5186800
2022-09-13,20.950000762939453,21.386999130249023,20.089000701904297,20.329999923706055,20.329999923706055,8458600
2022-09-14,20.200000762939453,20.799999237060547,19.559999465942383,20.540000915527344,20.540000915527344,5785600
2022-09-15,20.190000534057617,21.420000076293945,20.110000610351562,20.350000381469727,20.350000381469727,6180400
2022-09-16,19.899999618530273,19.905000686645508,18.954999923706055,19.149999618530273,19.149999618530273,11751900
2022-09-19,18.8700008392334,19.1299991607666,18.68000030517578,19.049999237060547,19.049999237060547,4113400
2022-09-20,18.600000381469727,18.969999313354492,18.329999923706055,18.6299991607666,18.6299991607666,4657300
2022-09-21,18.75,19.190000534057617,18.139999389648438,18.270000457763672,18.270000457763672,2825700
2022-09-22,18.110000610351562,18.3439998626709,17.5,17.770000457763672,17.770000457763672,4162400
2022-09-23,17.34000015258789,17.709999084472656,17.03499984741211,17.65999984741211,17.65999984741211,4144800
2022-09-26,17.639999389648438,18.131000518798828,17.219999313354492,17.3700008392334,17.3700008392334,3296400
2022-09-27,17.899999618530273,18.260000228881836,17.55500030517578,17.950000762939453,17.950000762939453,3656800
2022-09-28,17.940000534057617,19.040000915527344,17.924999237060547,18.84000015258789,18.84000015258789,3052800
2022-09-29,18.489999771118164,18.510000228881836,17.25,17.469999313354492,17.469999313354492,6466600
2022-09-30,17.31999969482422,18.114999771118164,16.700000762939453,16.719999313354492,16.719999313354492,7482800
2022-10-03,16.809999465942383,17.200000762939453,16.204999923706055,16.610000610351562,16.610000610351562,5243200
2022-10-04,17.239999771118164,17.579999923706055,16.8799991607666,17.56999969482422,17.56999969482422,6270400
2022-10-05,17.100000381469727,17.9950008392334,16.440000534057617,17.8700008392334,17.8700008392334,4507600
2022-10-06,17.639999389648438,18.520000457763672,17.639999389648438,17.940000534057617,17.940000534057617,4791100
2022-10-07,17.440000534057617,17.55500030517578,16.549999237060547,16.81999969482422,16.81999969482422,3332000
2022-10-10,18.059999465942383,18.31999969482422,16.450000762939453,16.809999465942383,16.809999465942383,5817500
2022-10-11,16.75,17.43000030517578,16.059999465942383,17.219999313354492,17.219999313354492,3776200
2022-10-12,17.31999969482422,17.940000534057617,16.399999618530273,17.920000076293945,17.920000076293945,5767500
2022-10-13,17.15999984741211,18.290000915527344,16.450000762939453,17.700000762939453,17.700000762939453,6093700
2022-10-14,18.0,18.469999313354492,16.90999984741211,16.979999542236328,16.979999542236328,3553400
2022-10-17,17.639999389648438,18.690000534057617,17.6200008392334,18.68000030517578,18.68000030517578,4462200
2022-10-18,19.309999465942383,20.295000076293945,18.989999771118164,20.270000457763672,20.270000457763672,8087000
2022-10-19,19.8799991607666,20.190000534057617,19.350000381469727,19.389999389648438,19.389999389648438,5696300
2022-10-20,19.3799991607666,20.385000228881836,19.25,19.43000030517578,19.43000030517578,3995500
2022-10-21,19.290000915527344,20.809999465942383,18.920000076293945,20.780000686645508,20.780000686645508,7460700
2022-10-24,20.780000686645508,20.780000686645508,19.579999923706055,20.6200008392334,20.6200008392334,4701200
2022-10-25,20.899999618530273,22.25,20.8700008392334,22.219999313354492,22.219999313354492,4963900
2022-10-26,21.75,22.860000610351562,21.190000534057617,21.709999084472656,21.709999084472656,6579400
2022-10-27,21.979999542236328,23.0,21.6299991607666,21.959999084472656,21.959999084472656,4541600
2022-10-28,21.600000381469727,22.2450008392334,21.43000030517578,22.170000076293945,22.170000076293945,3283600
2022-10-31,21.969999313354492,22.5,21.780000686645508,22.09000015258789,22.09000015258789,2730400
2022-11-01,22.850000381469727,23.0,21.760000228881836,22.010000228881836,22.010000228881836,4637200
2022-11-02,21.979999542236328,22.1200008392334,19.850000381469727,20.049999237060547,20.049999237060547,6843300
2022-11-03,19.719999313354492,20.15999984741211,19.170000076293945,19.84000015258789,19.84000015258789,5487300
2022-11-04,20.079999923706055,20.34000015258789,17.989999771118164,18.989999771118164,18.989999771118164,8809500
2022-11-07,19.290000915527344,19.5,18.34000015258789,18.860000610351562,18.860000610351562,4815400
2022-11-08,18.940000534057617,19.600000381469727,18.2549991607666,19.0,19.0,5894800
2022-11-09,18.5,18.780000686645508,17.049999237060547,17.639999389648438,17.639999389648438,9141200
2022-11-10,19.190000534057617,20.40999984741211,19.1299991607666,20.0,20.0,13132200
2022-11-11,21.5,21.795000076293945,19.709999084472656,20.479999542236328,20.479999542236328,21978700
2022-11-14,20.104999542236328,21.389999389648438,19.475000381469727,20.75,20.75,11627400
2022-11-15,21.0,21.190000534057617,19.559999465942383,20.450000762939453,20.450000762939453,12472800
2022-11-16,20.0,20.200000762939453,18.774999618530273,18.979999542236328,18.979999542236328,6386200
2022-11-17,18.389999389648438,18.591999053955078,17.7549991607666,18.450000762939453,18.450000762939453,6364300
2022-11-18,18.700000762939453,18.81999969482422,18.125,18.200000762939453,18.200000762939453,5601800
2022-11-21,18.0,18.280000686645508,17.799999237060547,18.219999313354492,18.219999313354492,4949300
2022-11-22,18.139999389648438,18.29800033569336,17.82699966430664,18.219999313354492,18.219999313354492,3406800
2022-11-23,18.170000076293945,18.700000762939453,17.950000762939453,18.6299991607666,18.6299991607666,2385300
2022-11-25,18.5,18.950000762939453,18.389999389648438,18.81999969482422,18.81999969482422,1717400
2022-11-28,18.549999237060547,19.024999618530273,17.979999542236328,18.0,18.0,3739100
2022-11-29,18.059999465942383,18.389999389648438,17.030000686645508,17.1200008392334,17.1200008392334,4943500
2022-11-30,17.309999465942383,18.65999984741211,17.190000534057617,18.360000610351562,18.360000610351562,19798300
2022-12-01,18.309999465942383,18.81999969482422,18.100000381469727,18.34000015258789,18.34000015258789,8667900
2022-12-02,17.829999923706055,18.204999923706055,17.520000457763672,17.989999771118164,17.989999771118164,3098600
2022-12-05,17.809999465942383,18.18000030517578,16.655000686645508,16.75,16.75,4220100
2022-12-06,16.780000686645508,16.8700008392334,16.34000015258789,16.719999313354492,16.719999313354492,6191400
2022-12-07,16.65999984741211,17.334999084472656,16.520000457763672,17.219999313354492,17.219999313354492,4123200
2022-12-08,17.40999984741211,18.979999542236328,17.219999313354492,18.959999084472656,18.959999084472656,5378900
2022-12-09,18.860000610351562,19.520000457763672,18.6299991607666,19.299999237060547,19.299999237060547,4742300
2022-12-12,19.3799991607666,20.020000457763672,19.25,19.8700008392334,19.8700008392334,4157400
2022-12-13,21.18000030517578,21.299999237060547,19.34000015258789,19.6200008392334,19.6200008392334,5903700
2022-12-14,19.559999465942383,20.1299991607666,19.31999969482422,19.770000457763672,19.770000457763672,4287500
2022-12-15,19.209999084472656,19.34000015258789,18.520000457763672,18.739999771118164,18.739999771118164,6132000
2022-12-16,18.709999084472656,19.1299991607666,18.510000228881836,18.760000228881836,18.760000228881836,6261400
2022-12-19,18.610000610351562,18.760000228881836,17.65999984741211,17.770000457763672,17.770000457763672,4681900
2022-12-20,17.579999923706055,18.15999984741211,17.510000228881836,17.600000381469727,17.600000381469727,4257600
2022-12-21,17.75,18.100000381469727,17.329999923706055,17.770000457763672,17.770000457763672,5710700
2022-12-22,17.420000076293945,17.65999984741211,16.860000610351562,17.649999618530273,17.649999618530273,3433200
2022-12-23,17.450000762939453,17.639999389648438,17.270000457763672,17.6200008392334,17.6200008392334,2614700
2022-12-27,17.389999389648438,17.540000915527344,16.729999542236328,17.149999618530273,17.149999618530273,2523300
2022-12-28,16.979999542236328,17.18000030517578,16.75,16.75,16.75,3408500
2022-12-29,16.93000030517578,18.18000030517578,16.8700008392334,17.950000762939453,17.950000762939453,2934400
2022-12-30,17.610000610351562,18.1299991607666,17.579999923706055,18.030000686645508,18.030000686645508,2365400
2023-01-03,18.43000030517578,18.760000228881836,17.510000228881836,17.549999237060547,17.549999237060547,3711700
2023-01-04,17.84000015258789,18.43000030517578,17.540000915527344,18.420000076293945,18.420000076293945,4065000
2023-01-05,18.219999313354492,18.389999389648438,17.2549991607666,17.280000686645508,17.280000686645508,4600500
2023-01-06,17.280000686645508,17.690000534057617,17.020000457763672,17.43000030517578,17.43000030517578,3813500
2023-01-09,17.719999313354492,18.334999084472656,17.43000030517578,17.989999771118164,17.989999771118164,6850100
2023-01-10,17.81999969482422,18.329999923706055,17.6299991607666,18.31999969482422,18.31999969482422,3818700
2023-01-11,18.5,19.260000228881836,18.329999923706055,19.239999771118164,19.239999771118164,3340000
2023-01-12,19.3799991607666,19.700000762939453,18.739999771118164,19.549999237060547,19.549999237060547,2001100
2023-01-13,19.290000915527344,20.03499984741211,19.290000915527344,19.90999984741211,19.90999984741211,3063900
2023-01-17,19.950000762939453,20.950000762939453,19.68000030517578,20.170000076293945,20.170000076293945,4441500
2023-01-18,20.760000228881836,21.020000457763672,19.954999923706055,20.299999237060547,20.299999237060547,3840100
2023-01-19,19.8799991607666,20.0,18.920000076293945,19.280000686645508,19.280000686645508,3863100
2023-01-20,19.510000228881836,20.8700008392334,19.434999465942383,20.770000457763672,20.770000457763672,3009700
2023-01-23,21.030000686645508,22.360000610351562,20.770000457763672,22.34000015258789,22.34000015258789,7487500
2023-01-24,21.5,22.268999099731445,21.16699981689453,21.459999084472656,21.459999084472656,4519000
2023-01-25,20.8799991607666,22.145000457763672,20.040000915527344,22.059999465942383,22.059999465942383,6166400
2023-01-26,22.780000686645508,22.989999771118164,21.959999084472656,22.440000534057617,22.440000534057617,5449700
2023-01-27,22.200000762939453,23.075000762939453,22.149999618530273,22.770000457763672,22.770000457763672,5551200
2023-01-30,22.209999084472656,22.520000457763672,21.889999389648438,22.040000915527344,22.040000915527344,3776100
2023-01-31,22.139999389648438,22.549999237060547,21.84000015258789,22.309999465942383,22.309999465942383,4887600
2023-02-01,22.3799991607666,23.225000381469727,21.979999542236328,23.149999618530273,23.149999618530273,6142700
2023-02-02,23.989999771118164,24.739999771118164,23.81999969482422,24.739999771118164,24.739999771118164,9771000
2023-02-03,23.729999542236328,24.405000686645508,23.389999389648438,23.850000381469727,23.850000381469727,5033700
2023-02-06,23.459999084472656,24.020000457763672,23.104999542236328,23.260000228881836,23.260000228881836,4100900
2023-02-07,23.40999984741211,24.049999237060547,23.125,23.90999984741211,23.90999984741211,3753600
2023-02-08,23.84000015258789,24.440000534057617,23.40999984741211,23.440000534057617,23.440000534057617,2927100
2023-02-09,23.520000457763672,23.93000030517578,22.545000076293945,22.829999923706055,22.829999923706055,7739900
2023-02-10,22.299999237060547,22.81999969482422,21.959999084472656,22.799999237060547,22.799999237060547,4015800
2023-02-13,23.56999969482422,24.46500015258789,23.360000610351562,23.940000534057617,23.940000534057617,8486300
2023-02-14,23.600000381469727,25.780000686645508,23.420000076293945,25.110000610351562,25.110000610351562,12061500
2023-02-15,25.0,26.03499984741211,24.889999389648438,25.959999084472656,25.959999084472656,11195600
2023-02-16,21.040000915527344,21.829999923706055,19.520000457763672,20.030000686645508,20.030000686645508,36920600
2023-02-17,20.010000228881836,20.020000457763672,18.850000381469727,19.479999542236328,19.479999542236328,17489400
2023-02-21,19.030000686645508,19.6299991607666,18.610000610351562,19.530000686645508,19.530000686645508,8515500
2023-02-22,19.579999923706055,20.280000686645508,19.344999313354492,20.15999984741211,20.15999984741211,7053200
2023-02-23,20.450000762939453,20.670000076293945,20.0,20.510000228881836,20.510000228881836,5160700
2023-02-24,20.010000228881836,20.010000228881836,19.0,19.459999084472656,19.459999084472656,8904800
2023-02-27,19.690000534057617,19.780000686645508,18.920000076293945,19.020000457763672,19.020000457763672,5690400
2023-02-28,19.0,19.25,18.84000015258789,18.920000076293945,18.920000076293945,7915400
2023-03-01,18.81999969482422,18.959999084472656,18.104999542236328,18.40999984741211,18.40999984741211,7954100
2023-03-02,18.15999984741211,18.399999618530273,17.920000076293945,18.25,18.25,6455700
2023-03-03,18.450000762939453,19.040000915527344,18.450000762939453,18.799999237060547,18.799999237060547,4672800
2023-03-06,18.8700008392334,19.024999618530273,18.389999389648438,18.40999984741211,18.40999984741211,5048000
2023-03-07,18.489999771118164,19.030000686645508,18.219999313354492,18.40999984741211,18.40999984741211,6137700
2023-03-08,18.739999771118164,19.270000457763672,18.559999465942383,19.139999389648438,19.139999389648438,8061300
2023-03-09,18.93000030517578,19.299999237060547,18.024999618530273,18.290000915527344,18.290000915527344,6760200
2023-03-10,18.25,18.270000457763672,17.045000076293945,17.329999923706055,17.329999923706055,10068300
2023-03-13,17.010000228881836,17.520000457763672,16.510000228881836,17.3799991607666,17.3799991607666,9529100
2023-03-14,17.729999542236328,17.899999618530273,17.450000762939453,17.729999542236328,17.729999542236328,7562400
2023-03-15,17.420000076293945,17.579999923706055,16.989999771118164,17.190000534057617,17.190000534057617,12059700
2023-03-16,17.149999618530273,17.59000015258789,16.809999465942383,17.40999984741211,17.40999984741211,9223700
2023-03-17,17.110000610351562,17.239999771118164,16.559999465942383,17.110000610351562,17.110000610351562,8451200
2023-03-20,16.899999618530273,17.06999969482422,16.43000030517578,16.670000076293945,16.670000076293945,5513800
2023-03-21,16.950000762939453,17.469999313354492,16.825000762939453,17.299999237060547,17.299999237060547,4575600
2023-03-22,17.34000015258789,17.399999618530273,16.53499984741211,16.559999465942383,16.559999465942383,4889600
2023-03-23,16.670000076293945,16.899999618530273,15.979999542236328,16.110000610351562,16.110000610351562,7319200
2023-03-24,15.899999618530273,16.3700008392334,15.770000457763672,16.229999542236328,16.229999542236328,5072300
2023-03-27,16.450000762939453,16.600000381469727,16.21500015258789,16.469999313354492,16.469999313354492,3662500
2023-03-28,16.31999969482422,16.5049991607666,16.065000534057617,16.239999771118164,16.239999771118164,3153600
2023-03-29,16.6200008392334,16.8700008392334,16.520000457763672,16.850000381469727,16.850000381469727,3298700
2023-03-30,17.239999771118164,17.334999084472656,16.8799991607666,17.020000457763672,17.020000457763672,2431500
2023-03-31,17.139999389648438,17.780000686645508,16.940000534057617,17.75,17.75,5174700
2023-04-03,17.65999984741211,17.8700008392334,17.395000457763672,17.860000610351562,17.860000610351562,2996500
2023-04-04,17.989999771118164,18.040000915527344,17.40999984741211,17.56999969482422,17.56999969482422,3248500
2023-04-05,17.34000015258789,17.420000076293945,16.30500030517578,16.3700008392334,16.3700008392334,5597000
2023-04-06,16.110000610351562,16.625,16.094999313354492,16.549999237060547,16.549999237060547,4413900
2023-04-10,16.364999771118164,17.364999771118164,16.350000381469727,17.25,17.25,7134200
2023-04-11,17.399999618530273,18.010000228881836,17.329999923706055,17.65999984741211,17.65999984741211,7645400
2023-04-12,18.010000228881836,18.149999618530273,17.6200008392334,17.75,17.75,7625200
2023-04-13,17.940000534057617,18.290000915527344,17.8799991607666,17.969999313354492,17.969999313354492,3481600
2023-04-14,17.760000228881836,17.93000030517578,17.239999771118164,17.56999969482422,17.56999969482422,3744500
2023-04-17,17.540000915527344,17.81999969482422,17.459999084472656,17.770000457763672,17.770000457763672,3357200
2023-04-18,18.010000228881836,18.030000686645508,17.239999771118164,17.559999465942383,17.559999465942383,3359000
2023-04-19,17.809999465942383,18.329999923706055,17.209999084472656,18.049999237060547,18.049999237060547,7444900
2023-04-20,17.760000228881836,18.225000381469727,17.670000076293945,17.780000686645508,17.780000686645508,2855800
2023-04-21,17.790000915527344,17.989999771118164,17.6299991607666,17.920000076293945,17.920000076293945,2711800
2023-04-24,17.90999984741211,18.1299991607666,17.299999237060547,17.68000030517578,17.68000030517578,3182700
2023-04-25,17.579999923706055,17.719999313354492,17.219999313354492,17.25,17.25,3903500
2023-04-26,17.68000030517578,18.264999389648438,17.594999313354492,17.860000610351562,17.860000610351562,4402900
2023-04-27,18.209999084472656,18.3700008392334,17.799999237060547,18.270000457763672,18.270000457763672,4901100
2023-04-28,18.059999465942383,18.309999465942383,17.809999465942383,18.200000762939453,18.200000762939453,2476200
2023-05-01,18.139999389648438,18.40999984741211,17.280000686645508,17.520000457763672,17.520000457763672,5209300
2023-05-02,17.360000610351562,17.469999313354492,16.975000381469727,17.219999313354492,17.219999313354492,4623400
2023-05-03,17.15999984741211,18.100000381469727,17.059999465942383,17.530000686645508,17.530000686645508,3977100
2023-05-04,17.799999237060547,18.049999237060547,17.479999542236328,17.600000381469727,17.600000381469727,6971700
2023-05-05,17.90999984741211,18.489999771118164,17.875,18.43000030517578,18.43000030517578,7250100
2023-05-08,18.5,19.760000228881836,18.440000534057617,19.350000381469727,19.350000381469727,10982500
2023-05-09,19.030000686645508,19.770000457763672,18.959999084472656,19.459999084472656,19.459999084472656,9306700
2023-05-10,20.450000762939453,21.200000762939453,19.709999084472656,21.1200008392334,21.1200008392334,18446100
2023-05-11,20.8700008392334,21.040000915527344,20.520000457763672,20.799999237060547,20.799999237060547,9632200
2023-05-12,20.834999084472656,20.834999084472656,19.229999542236328,19.489999771118164,19.489999771118164,7749700
2023-05-15,19.440000534057617,19.68000030517578,18.989999771118164,19.43000030517578,19.43000030517578,7257100
2023-05-16,19.290000915527344,19.299999237060547,18.440000534057617,18.729999542236328,18.729999542236328,6935500
2023-05-17,19.25,20.690000534057617,19.040000915527344,20.43000030517578,20.43000030517578,8504200
2023-05-18,20.59000015258789,21.15999984741211,20.530000686645508,21.049999237060547,21.049999237060547,6653500
2023-05-19,20.959999084472656,20.979999542236328,20.475000381469727,20.809999465942383,20.809999465942383,5032100
2023-05-22,20.860000610351562,21.600000381469727,20.760000228881836,21.299999237060547,21.299999237060547,4625800
2023-05-23,20.989999771118164,21.584999084472656,20.454999923706055,20.520000457763672,20.520000457763672,10944700
2023-05-24,20.219999313354492,21.3700008392334,20.049999237060547,21.360000610351562,21.360000610351562,7842000
2023-05-25,21.670000076293945,21.979999542236328,21.18000030517578,21.31999969482422,21.31999969482422,5459400
2023-05-26,21.43000030517578,22.21500015258789,21.399999618530273,21.420000076293945,21.420000076293945,4702700
2023-05-30,21.8799991607666,22.15999984741211,21.3799991607666,21.739999771118164,21.739999771118164,5846300
2023-05-31,21.540000915527344,21.719999313354492,20.7450008392334,20.969999313354492,20.969999313354492,12713000
2023-06-01,21.200000762939453,21.84000015258789,20.889999389648438,21.579999923706055,21.579999923706055,10883500
2023-06-02,21.579999923706055,21.670000076293945,20.309999465942383,21.06999969482422,21.06999969482422,9870300
2023-06-05,20.93000030517578,22.010000228881836,20.84000015258789,21.959999084472656,21.959999084472656,5777600
2023-06-06,21.84000015258789,22.485000610351562,21.7549991607666,22.25,22.25,5270700
2023-06-07,22.280000686645508,22.600000381469727,21.725000381469727,21.799999237060547,21.799999237060547,5371400
2023-06-08,21.690000534057617,21.979999542236328,21.489999771118164,21.93000030517578,21.93000030517578,4382500
2023-06-09,22.229999542236328,22.479999542236328,21.719999313354492,21.860000610351562,21.860000610351562,4051100
2023-06-12,22.25,23.25,22.25,23.18000030517578,23.18000030517578,8883400
2023-06-13,23.5,23.690000534057617,23.010000228881836,23.690000534057617,23.690000534057617,9894900
2023-06-14,23.649999618530273,23.75,22.924999237060547,23.280000686645508,23.280000686645508,5371200
2023-06-15,22.700000762939453,23.259000778198242,21.700000762939453,23.030000686645508,23.030000686645508,10316000
2023-06-16,23.049999237060547,23.065000534057617,21.649999618530273,21.709999084472656,21.709999084472656,10595300
2023-06-20,21.549999237060547,22.1299991607666,21.34000015258789,21.639999389648438,21.639999389648438,6139500
2023-06-21,21.399999618530273,21.565000534057617,20.885000228881836,21.290000915527344,21.290000915527344,5648000
2023-06-22,21.25,21.770000457763672,21.06999969482422,21.59000015258789,21.59000015258789,4833400
2023-06-23,21.309999465942383,21.690000534057617,21.09000015258789,21.540000915527344,21.540000915527344,11876600
2023-06-26,21.479999542236328,21.993000030517578,21.417999267578125,21.799999237060547,21.799999237060547,4764600
2023-06-27,22.0,22.260000228881836,21.809999465942383,22.079999923706055,22.079999923706055,3646500
2023-06-28,22.100000381469727,22.764999389648438,21.90999984741211,22.31999969482422,22.31999969482422,7101100
2023-06-29,22.329999923706055,23.059999465942383,22.079999923706055,22.8799991607666,22.8799991607666,7341000
2023-06-30,23.25,23.31999969482422,22.44499969482422,22.56999969482422,22.56999969482422,4560000
2023-07-03,22.5,22.614999771118164,22.114999771118164,22.309999465942383,22.309999465942383,2208800
2023-07-05,22.329999923706055,22.739999771118164,21.969999313354492,22.56999969482422,22.56999969482422,5135400
2023-07-06,22.149999618530273,22.485000610351562,21.649999618530273,22.420000076293945,22.420000076293945,6192700
2023-07-07,22.5,23.05500030517578,22.420000076293945,22.489999771118164,22.489999771118164,4098900
2023-07-10,22.479999542236328,22.954999923706055,22.200000762939453,22.81999969482422,22.81999969482422,3188000
2023-07-11,23.290000915527344,23.860000610351562,23.06999969482422,23.5,23.5,8414300
2023-07-12,23.93000030517578,24.780000686645508,23.260000228881836,24.770000457763672,24.770000457763672,9104300
2023-07-13,24.989999771118164,26.665000915527344,24.899999618530273,25.90999984741211,25.90999984741211,12457500
2023-07-14,25.979999542236328,25.9950008392334,24.760000228881836,25.079999923706055,25.079999923706055,7884800
2023-07-17,25.100000381469727,26.1299991607666,24.860000610351562,25.850000381469727,25.850000381469727,4201600
2023-07-18,26.0,27.0,25.709999084472656,26.760000228881836,26.760000228881836,10842800
2023-07-19,24.0,24.6560001373291,22.209999084472656,22.559999465942383,22.559999465942383,35554100
2023-07-20,22.209999084472656,22.3799991607666,21.739999771118164,21.8799991607666,21.8799991607666,12955700
2023-07-21,22.0,22.059999465942383,21.520000457763672,21.959999084472656,21.959999084472656,8009500
2023-07-24,21.84000015258789,22.5,21.649999618530273,22.469999313354492,22.469999313354492,6296600
2023-07-25,22.579999923706055,23.14900016784668,22.389999389648438,22.799999237060547,22.799999237060547,8998200
2023-07-26,22.690000534057617,22.924999237060547,22.25,22.889999389648438,22.889999389648438,4597400
2023-07-27,23.200000762939453,23.229999542236328,21.059999465942383,21.260000228881836,21.260000228881836,8433600
2023-07-28,21.579999923706055,22.065000534057617,21.479999542236328,21.600000381469727,21.600000381469727,4577600
2023-07-31,21.649999618530273,22.079999923706055,21.510000228881836,22.06999969482422,22.06999969482422,5474100
2023-08-01,21.809999465942383,21.90999984741211,21.5,21.790000915527344,21.790000915527344,3566300
2023-08-02,21.43000030517578,21.600000381469727,20.360000610351562,20.389999389648438,20.389999389648438,9539700
2023-08-03,20.18000030517578,20.760000228881836,20.079999923706055,20.670000076293945,20.670000076293945,6083300
2023-08-04,20.700000762939453,20.760000228881836,19.889999389648438,20.020000457763672,20.020000457763672,5860200
2023-08-07,20.100000381469727,20.43000030517578,19.780000686645508,20.3700008392334,20.3700008392334,6967600
2023-08-08,20.1200008392334,20.315000534057617,19.80500030517578,20.219999313354492,20.219999313354492,13652500
2023-08-09,23.045000076293945,24.3700008392334,22.770000457763672,23.18000030517578,23.18000030517578,22759400
2023-08-10,23.399999618530273,23.649999618530273,22.674999237060547,22.770000457763672,22.770000457763672,8983000
2023-08-11,22.770000457763672,24.31999969482422,22.649999618530273,24.110000610351562,24.110000610351562,10667800
2023-08-14,24.15999984741211,24.15999984741211,23.295000076293945,23.600000381469727,23.600000381469727,7145500
2023-08-15,23.59000015258789,23.68899917602539,23.020000457763672,23.110000610351562,23.110000610351562,6470300
2023-08-16,22.950000762939453,23.5049991607666,22.81999969482422,23.309999465942383,23.309999465942383,6576100
2023-08-17,23.020000457763672,23.1200008392334,22.579999923706055,22.68000030517578,22.68000030517578,6567900
2023-08-18,22.0,22.3700008392334,21.6200008392334,21.799999237060547,21.799999237060547,10995800
2023-08-21,21.799999237060547,22.0,21.2810001373291,21.700000762939453,21.700000762939453,6282100
2023-08-22,22.010000228881836,22.249000549316406,21.469999313354492,21.489999771118164,21.489999771118164,4088200
2023-08-23,21.5,21.6200008392334,21.135000228881836,21.43000030517578,21.43000030517578,4616000
2023-08-24,21.790000915527344,21.799999237060547,20.959999084472656,20.979999542236328,20.979999542236328,4657200
2023-08-25,21.040000915527344,21.360000610351562,20.690000534057617,21.229999542236328,21.229999542236328,4608700
2023-08-28,21.469999313354492,21.594999313354492,20.989999771118164,20.989999771118164,20.989999771118164,4568200
2023-08-29,20.899999618530273,21.690000534057617,20.75,21.649999618530273,21.649999618530273,4739300
2023-08-30,21.59000015258789,22.170000076293945,21.18000030517578,22.100000381469727,22.100000381469727,5351500
2023-08-31,22.229999542236328,22.450000762939453,21.93000030517578,22.170000076293945,22.170000076293945,4620800
2023-09-01,22.420000076293945,22.510000228881836,21.940000534057617,21.979999542236328,21.979999542236328,3984000
2023-09-05,21.770000457763672,21.920000076293945,21.309999465942383,21.670000076293945,21.670000076293945,5136900
2023-09-06,22.65999984741211,22.8799991607666,21.28499984741211,21.3700008392334,21.3700008392334,8635500
2023-09-07,20.959999084472656,21.899999618530273,20.459999084472656,21.81999969482422,21.81999969482422,8651000
2023-09-08,21.979999542236328,22.15999984741211,20.770000457763672,20.84000015258789,20.84000015258789,5376400
2023-09-11,21.1200008392334,21.559999465942383,20.84000015258789,21.31999969482422,21.31999969482422,4693900
2023-09-12,21.110000610351562,21.530000686645508,20.854999542236328,21.18000030517578,21.18000030517578,3938100
2023-09-13,21.0,21.1200008392334,20.559999465942383,20.56999969482422,20.56999969482422,5146900
2023-09-14,20.850000381469727,21.399999618530273,20.75,20.799999237060547,20.799999237060547,5636500
2023-09-15,20.489999771118164,20.719999313354492,19.93000030517578,20.1200008392334,20.1200008392334,8968100
2023-09-18,19.979999542236328,20.735000610351562,19.825000762939453,20.389999389648438,20.389999389648438,6419600
2023-09-19,20.059999465942383,20.440000534057617,19.729999542236328,20.329999923706055,20.329999923706055,6311200
2023-09-20,20.299999237060547,20.350000381469727,19.084999084472656,19.1200008392334,19.1200008392334,8526000
2023-09-21,18.799999237060547,18.8799991607666,18.450000762939453,18.549999237060547,18.549999237060547,7909500
2023-09-22,18.790000915527344,18.989999771118164,18.452999114990234,18.610000610351562,18.610000610351562,6467600
2023-09-25,18.5,18.959999084472656,18.309999465942383,18.809999465942383,18.809999465942383,8559600
2023-09-26,18.59000015258789,18.767000198364258,18.290000915527344,18.450000762939453,18.450000762939453,5168300
2023-09-27,18.600000381469727,18.940000534057617,18.44300079345703,18.670000076293945,18.670000076293945,4165300
2023-09-28,18.65999984741211,18.815000534057617,18.329999923706055,18.600000381469727,18.600000381469727,4044600
2023-09-29,18.920000076293945,19.315000534057617,18.59000015258789,18.729999542236328,18.729999542236328,5079700
2023-10-02,17.71500015258789,18.690000534057617,17.559999465942383,18.31999969482422,18.31999969482422,8934300
2023-10-03,18.09000015258789,18.139999389648438,17.049999237060547,17.3700008392334,17.3700008392334,9313100
2023-10-04,17.5,17.520000457763672,17.0,17.40999984741211,17.40999984741211,6971100
2023-10-05,17.209999084472656,17.450000762939453,16.594999313354492,17.329999923706055,17.329999923706055,9067100
2023-10-06,17.110000610351562,17.6200008392334,16.93000030517578,17.079999923706055,17.079999923706055,6641700
2023-10-09,16.760000228881836,17.5,16.75,17.209999084472656,17.209999084472656,6954200
2023-10-10,17.290000915527344,18.334999084472656,17.204999923706055,18.049999237060547,18.049999237060547,8942700
2023-10-11,18.15999984741211,18.940000534057617,18.1200008392334,18.809999465942383,18.809999465942383,13114200
2023-10-12,18.6200008392334,18.780000686645508,17.395000457763672,17.84000015258789,17.84000015258789,9567000
2023-10-13,17.850000381469727,17.96500015258789,17.260000228881836,17.459999084472656,17.459999084472656,4801100
2023-10-16,17.520000457763672,18.010000228881836,17.204999923706055,17.920000076293945,17.920000076293945,4444700
2023-10-17,17.8700008392334,18.584999084472656,17.8700008392334,18.450000762939453,18.450000762939453,5707400
2023-10-18,18.209999084472656,18.31999969482422,17.790000915527344,17.799999237060547,17.799999237060547,4686800
2023-10-19,17.8799991607666,18.15999984741211,17.625,17.809999465942383,17.809999465942383,5575000
2023-10-20,17.860000610351562,17.940000534057617,17.395000457763672,17.579999923706055,17.579999923706055,8998900
2023-10-23,17.440000534057617,17.6200008392334,17.09000015258789,17.190000534057617,17.190000534057617,6811200
2023-10-24,17.469999313354492,18.1299991607666,17.434999465942383,17.75,17.75,5128000
2023-10-25,17.34000015258789,17.549999237060547,16.479999542236328,16.559999465942383,16.559999465942383,9729200
2023-10-26,16.5,16.655000686645508,15.859999656677246,16.25,16.25,10820600
2023-10-27,16.399999618530273,16.540000915527344,15.649999618530273,15.770000457763672,15.770000457763672,6877900
2023-10-30,15.960000038146973,16.114999771118164,15.524999618530273,15.949999809265137,15.949999809265137,7266400
2023-10-31,15.710000038146973,16.334999084472656,15.680000305175781,15.989999771118164,15.989999771118164,8084800
2023-11-01,16.049999237060547,16.329999923706055,15.8149995803833,16.209999084472656,16.209999084472656,5612300
2023-11-02,16.690000534057617,17.399999618530273,16.670000076293945,16.81999969482422,16.81999969482422,9904500
2023-11-03,17.219999313354492,18.059999465942383,17.149999618530273,17.489999771118164,17.489999771118164,7322300
2023-11-06,17.6299991607666,17.834999084472656,16.825000762939453,17.059999465942383,17.059999465942383,9405100
2023-11-07,17.3700008392334,17.639999389648438,16.920000076293945,17.25,17.25,20396000
2023-11-08,14.300000190734863,15.109999656677246,13.859999656677246,14.890000343322754,14.890000343322754,36311700
2023-11-09,14.989999771118164,15.119999885559082,13.850000381469727,13.920000076293945,13.920000076293945,18727100
2023-11-10,14.170000076293945,14.404999732971191,13.824999809265137,14.109999656677246,14.109999656677246,15736700
2023-11-13,14.079999923706055,14.210000038146973,13.800000190734863,13.8100004196167,13.8100004196167,9642100
2023-11-14,14.300000190734863,14.946000099182129,14.260000228881836,14.710000038146973,14.710000038146973,14911700
2023-11-15,14.75,14.899999618530273,14.454999923706055,14.520000457763672,14.520000457763672,10252000
2023-11-16,14.380000114440918,14.390000343322754,13.920000076293945,14.25,14.25,10520100
2023-11-17,14.279999732971191,14.449999809265137,14.015000343322754,14.399999618530273,14.399999618530273,9085600
2023-11-20,14.270000457763672,14.65999984741211,14.114999771118164,14.460000038146973,14.460000038146973,8360800
2023-11-21,14.300000190734863,14.329999923706055,13.805000305175781,13.819999694824219,13.819999694824219,9126400
2023-11-22,14.0,14.119999885559082,13.765000343322754,14.020000457763672,14.020000457763672,5608500
2023-11-24,14.140000343322754,14.199999809265137,13.920999526977539,14.1899995803833,14.1899995803833,2236100
2023-11-27,14.0600004196167,14.449999809265137,14.020000457763672,14.260000228881836,14.260000228881836,6260100
2023-11-28,14.210000038146973,14.760000228881836,14.0,14.720000267028809,14.720000267028809,7479900
2023-11-29,15.0,15.539999961853027,15.0,15.270000457763672,15.270000457763672,10748600
2023-11-30,15.350000381469727,15.430000305175781,14.729999542236328,14.869999885559082,14.869999885559082,9635000
2023-12-01,14.90999984741211,15.319999694824219,14.770000457763672,15.319999694824219,15.319999694824219,7722900
2023-12-04,15.180000305175781,15.569999694824219,15.100000381469727,15.119999885559082,15.119999885559082,7391700
2023-12-05,14.960000038146973,15.010000228881836,14.680000305175781,14.880000114440918,14.880000114440918,6761600
2023-12-06,14.819999694824219,15.475000381469727,14.449999809265137,15.130000114440918,15.130000114440918,11069900
2023-12-07,15.100000381469727,15.289999961853027,14.75,15.0600004196167,15.0600004196167,6316000
2023-12-08,15.010000228881836,15.489999771118164,14.909000396728516,15.350000381469727,15.350000381469727,7749400
2023-12-11,15.270000457763672,15.710000038146973,15.140999794006348,15.640000343322754,15.640000343322754,8216200
2023-12-12,15.569999694824219,15.6899995803833,15.154999732971191,15.40999984741211,15.40999984741211,6432300
2023-12-13,15.539999961853027,16.149999618530273,15.170000076293945,16.06999969482422,16.06999969482422,8125000
2023-12-14,16.56999969482422,17.479999542236328,16.520000457763672,17.239999771118164,17.239999771118164,17119300
2023-12-15,17.350000381469727,17.489999771118164,16.770000457763672,16.84000015258789,16.84000015258789,12392800
2023-12-18,16.93000030517578,17.43000030517578,16.719999313354492,17.1200008392334,17.1200008392334,8450500
2023-12-19,17.309999465942383,18.299999237060547,17.274999618530273,18.170000076293945,18.170000076293945,12153800
2023-12-20,18.040000915527344,18.780000686645508,17.861000061035156,17.969999313354492,17.969999313354492,13483900
2023-12-21,18.290000915527344,18.65999984741211,17.8799991607666,18.280000686645508,18.280000686645508,8066700
2023-12-22,18.399999618530273,18.540000915527344,17.8799991607666,18.139999389648438,18.139999389648438,5015100
2023-12-26,18.239999771118164,18.489999771118164,18.100000381469727,18.43000030517578,18.43000030517578,4736600
2023-12-27,18.5,18.850000381469727,18.395000457763672,18.84000015258789,18.84000015258789,5833500
2023-12-28,18.700000762939453,19.166000366210938,18.66900062561035,18.920000076293945,18.920000076293945,8274100
2023-12-29,18.770000457763672,18.875,18.170000076293945,18.260000228881836,18.260000228881836,6339300
2024-01-02,18.0,18.260000228881836,17.59000015258789,18.059999465942383,18.059999465942383,7565000
2024-01-03,17.56999969482422,17.729999542236328,17.110000610351562,17.239999771118164,17.239999771118164,7891100
2024-01-04,17.170000076293945,17.559999465942383,16.860000610351562,17.520000457763672,17.520000457763672,8213900
2024-01-05,17.290000915527344,17.950000762939453,17.229999542236328,17.739999771118164,17.739999771118164,5846800
2024-01-08,17.90999984741211,18.725000381469727,17.809999465942383,18.639999389648438,18.639999389648438,7580100
2024-01-09,18.31999969482422,19.045000076293945,18.28499984741211,18.799999237060547,18.799999237060547,8500000
2024-01-10,19.93000030517578,19.940000534057617,18.559999465942383,19.100000381469727,19.100000381469727,13789900
2024-01-11,19.149999618530273,19.25,18.450000762939453,18.65999984741211,18.65999984741211,7657200
2024-01-12,18.850000381469727,18.979999542236328,17.950000762939453,17.950000762939453,17.950000762939453,11621200
2024-01-16,17.729999542236328,17.739999771118164,17.030000686645508,17.299999237060547,17.299999237060547,9553500
2024-01-17,16.920000076293945,16.96500015258789,16.6299991607666,16.889999389648438,16.889999389648438,6868700
2024-01-18,17.110000610351562,17.459999084472656,17.020000457763672,17.3799991607666,17.3799991607666,8067100
2024-01-19,17.43000030517578,17.479999542236328,17.059999465942383,17.34000015258789,17.34000015258789,8158800
2024-01-22,17.6299991607666,18.0,17.03499984741211,17.209999084472656,17.209999084472656,14396000
2024-01-23,17.540000915527344,17.540000915527344,16.81999969482422,17.0,17.0,9592500
2024-01-24,17.31999969482422,17.3700008392334,16.260000228881836,16.290000915527344,16.290000915527344,12663400
2024-01-25,16.479999542236328,16.760000228881836,16.1299991607666,16.600000381469727,16.600000381469727,8217200
2024-01-26,16.600000381469727,17.889999389648438,16.559999465942383,17.450000762939453,17.450000762939453,12617400
2024-01-29,17.6200008392334,18.760000228881836,17.530000686645508,18.75,18.75,10207600
2024-01-30,18.600000381469727,18.739999771118164,18.200000762939453,18.440000534057617,18.440000534057617,7976700
2024-01-31,18.170000076293945,18.389999389648438,17.649999618530273,17.770000457763672,17.770000457763672,9313700
2024-02-01,18.0,18.649999618530273,17.959999084472656,18.549999237060547,18.549999237060547,8375600
2024-02-02,18.239999771118164,18.966999053955078,18.149999618530273,18.670000076293945,18.670000076293945,7356100
2024-02-05,18.389999389648438,18.510000228881836,17.950000762939453,18.299999237060547,18.299999237060547,5507900
2024-02-06,18.25,18.790000915527344,18.135000228881836,18.40999984741211,18.40999984741211,4257500
2024-02-07,19.200000762939453,19.299999237060547,18.540000915527344,19.280000686645508,19.280000686645508,6469200
2024-02-08,19.3799991607666,19.735000610351562,19.040000915527344,19.09000015258789,19.09000015258789,7872600
2024-02-09,19.18000030517578,19.639999389648438,18.985000610351562,19.280000686645508,19.280000686645508,7466800
2024-02-12,19.329999923706055,20.184999465942383,19.280000686645508,20.010000228881836,20.010000228881836,12994000
2024-02-13,19.0,19.82200050354004,18.81999969482422,19.420000076293945,19.420000076293945,7585200
2024-02-14,19.75,20.170000076293945,19.2549991607666,20.149999618530273,20.149999618530273,8447500
2024-02-15,20.3799991607666,20.639999389648438,18.469999313354492,19.200000762939453,19.200000762939453,26362600
2024-02-16,21.350000381469727,22.65999984741211,20.959999084472656,22.420000076293945,22.420000076293945,31239300
2024-02-20,21.520000457763672,22.030000686645508,21.329999923706055,21.780000686645508,21.780000686645508,14156900
2024-02-21,21.200000762939453,21.34000015258789,20.489999771118164,20.75,20.75,11512300
2024-02-22,21.040000915527344,21.31999969482422,20.68000030517578,20.8799991607666,20.8799991607666,9102300
2024-02-23,20.860000610351562,21.440000534057617,20.56999969482422,21.09000015258789,21.09000015258789,9628100
2024-02-26,21.09000015258789,21.594999313354492,21.020000457763672,21.34000015258789,21.34000015258789,6565900
2024-02-27,21.510000228881836,22.219999313354492,21.280000686645508,22.1200008392334,22.1200008392334,7336200
2024-02-28,22.0,22.93000030517578,21.920000076293945,22.65999984741211,22.65999984741211,7525500
2024-02-29,22.780000686645508,23.618999481201172,22.780000686645508,23.0,23.0,10990600
2024-03-01,23.049999237060547,23.510000228881836,22.829999923706055,23.3799991607666,23.3799991607666,6055200
2024-03-04,23.729999542236328,24.545000076293945,23.18000030517578,24.389999389648438,24.389999389648438,10557200
2024-03-05,24.079999923706055,24.209999084472656,23.360000610351562,23.780000686645508,23.780000686645508,9044100
2024-03-06,24.309999465942383,25.0,24.075000762939453,24.8799991607666,24.8799991607666,9450400
2024-03-07,25.149999618530273,25.6299991607666,24.540000915527344,24.81999969482422,24.81999969482422,5877300
2024-03-08,25.010000228881836,25.139999389648438,24.174999237060547,24.520000457763672,24.520000457763672,7131300
2024-03-11,24.489999771118164,25.020000457763672,24.3799991607666,24.649999618530273,24.649999618530273,5428600
2024-03-12,25.010000228881836,25.040000915527344,24.334999084472656,25.0,25.0,6573800
2024-03-13,24.75,25.540000915527344,24.700000762939453,25.09000015258789,25.09000015258789,6563100
2024-03-14,25.219999313354492,25.420000076293945,23.969999313354492,24.15999984741211,24.15999984741211,6134400
2024-03-15,23.5,24.100000381469727,23.31999969482422,23.549999237060547,23.549999237060547,11277000
2024-03-18,23.59000015258789,23.889999389648438,23.34000015258789,23.510000228881836,23.510000228881836,4870000
2024-03-19,23.190000534057617,23.579999923706055,22.594999313354492,23.25,23.25,6011100
2024-03-20,23.18000030517578,23.93000030517578,22.95199966430664,23.690000534057617,23.690000534057617,6559800
2024-03-21,23.899999618530273,24.774999618530273,23.649999618530273,24.360000610351562,24.360000610351562,7112400
2024-03-22,24.399999618530273,24.719999313354492,23.690000534057617,23.799999237060547,23.799999237060547,3672400
2024-03-25,23.920000076293945,24.3799991607666,23.65999984741211,23.799999237060547,23.799999237060547,3517200
2024-03-26,24.1299991607666,24.959999084472656,24.059999465942383,24.479999542236328,24.479999542236328,6190800
2024-03-27,24.799999237060547,24.923999786376953,23.969999313354492,24.329999923706055,24.329999923706055,6398900
2024-03-28,24.479999542236328,25.1200008392334,24.350000381469727,24.920000076293945,24.920000076293945,6799900
2024-04-01,24.969999313354492,24.969999313354492,23.559999465942383,24.329999923706055,24.329999923706055,6339200
2024-04-02,23.639999389648438,23.739999771118164,23.225000381469727,23.399999618530273,23.399999618530273,5884500
2024-04-03,23.049999237060547,23.47800064086914,22.959999084472656,23.270000457763672,23.270000457763672,6241000
2024-04-04,23.440000534057617,24.280000686645508,23.139999389648438,23.260000228881836,23.260000228881836,6337500
2024-04-05,23.200000762939453,23.469999313354492,22.875,23.1200008392334,23.1200008392334,5848500
2024-04-08,23.219999313354492,23.579999923706055,23.079999923706055,23.170000076293945,23.170000076293945,4874600
2024-04-09,23.110000610351562,23.899999618530273,23.104999542236328,23.700000762939453,23.700000762939453,5274900
2024-04-10,22.850000381469727,23.25,22.81999969482422,22.979999542236328,22.979999542236328,5031400
2024-04-11,23.260000228881836,24.56999969482422,23.110000610351562,24.559999465942383,24.559999465942383,8159500
2024-04-12,24.68000030517578,24.733999252319336,23.559999465942383,23.81999969482422,23.81999969482422,4908900
2024-04-15,24.100000381469727,24.229999542236328,22.3700008392334,22.5,22.5,5780100
2024-04-16,22.43000030517578,22.950000762939453,22.2549991607666,22.440000534057617,22.440000534057617,3919900
2024-04-17,22.489999771118164,22.950000762939453,22.229999542236328,22.75,22.75,3954900
2024-04-18,22.579999923706055,22.7549991607666,22.100000381469727,22.190000534057617,22.190000534057617,4311000
2024-04-19,22.110000610351562,22.350000381469727,21.610000610351562,21.6200008392334,21.6200008392334,5039000
2024-04-22,21.90999984741211,22.170000076293945,21.530000686645508,22.149999618530273,22.149999618530273,7706200
2024-04-23,22.3799991607666,23.389999389648438,22.280000686645508,23.190000534057617,23.190000534057617,6915400
2024-04-24,23.34000015258789,23.40999984741211,22.75,23.06999969482422,23.06999969482422,4708200
2024-04-25,22.610000610351562,23.219999313354492,22.3700008392334,23.1200008392334,23.1200008392334,5425800
2024-04-26,23.260000228881836,23.985000610351562,23.084999084472656,23.90999984741211,23.90999984741211,6398500
2024-04-29,24.049999237060547,24.579999923706055,23.67300033569336,23.940000534057617,23.940000534057617,5456800
2024-04-30,23.709999084472656,24.200000762939453,23.579999923706055,23.6299991607666,23.6299991607666,3994300
2024-05-01,23.479999542236328,23.610000610351562,22.6200008392334,23.0,23.0,6972500
2024-05-02,23.299999237060547,23.454999923706055,22.469999313354492,23.3799991607666,23.3799991607666,6422700
2024-05-03,23.770000457763672,24.270000457763672,22.649999618530273,22.739999771118164,22.739999771118164,6341000
2024-05-06,22.8700008392334,23.594999313354492,22.829999923706055,23.559999465942383,23.559999465942383,7118700
2024-05-07,23.260000228881836,24.079999923706055,23.209999084472656,23.729999542236328,23.729999542236328,13824900
2024-05-08,25.18000030517578,27.309999465942383,24.829999923706055,26.81999969482422,26.81999969482422,25125400
2024-05-09,27.0,27.56999969482422,26.540000915527344,26.81999969482422,26.81999969482422,15200800
2024-05-10,27.030000686645508,27.416000366210938,26.6200008392334,26.829999923706055,26.829999923706055,6745100
2024-05-13,26.989999771118164,27.5,26.649999618530273,27.020000457763672,27.020000457763672,9648600
2024-05-14,27.15999984741211,27.700000762939453,26.950000762939453,27.15999984741211,27.15999984741211,6209900
2024-05-15,27.690000534057617,27.8700008392334,27.174999237060547,27.709999084472656,27.709999084472656,8187600
2024-05-16,27.549999237060547,27.899999618530273,27.329999923706055,27.530000686645508,27.530000686645508,6739000
2024-05-17,27.610000610351562,27.709999084472656,26.625,26.989999771118164,26.989999771118164,7971800
2024-05-20,26.969999313354492,27.31999969482422,26.549999237060547,26.959999084472656,26.959999084472656,5653200
2024-05-21,26.100000381469727,26.729999542236328,25.8799991607666,26.530000686645508,26.530000686645508,7793300
2024-05-22,26.34000015258789,27.094999313354492,26.280000686645508,26.68000030517578,26.68000030517578,6442900
2024-05-23,26.75,26.84000015258789,25.229999542236328,25.3799991607666,25.3799991607666,7872800
2024-05-24,25.649999618530273,25.829999923706055,25.229999542236328,25.459999084472656,25.459999084472656,5097900
2024-05-28,25.729999542236328,26.280000686645508,25.315000534057617,25.43000030517578,25.43000030517578,7764000
2024-05-29,25.0,25.149999618530273,22.950000762939453,23.6299991607666,23.6299991607666,20611700
2024-05-30,23.549999237060547,24.0,23.260000228881836,23.610000610351562,23.610000610351562,9800500
2024-05-31,23.709999084472656,24.25,23.398000717163086,24.229999542236328,24.229999542236328,11810200
2024-06-03,24.200000762939453,24.341999053955078,22.860000610351562,23.0,23.0,7753500
2024-06-04,22.8799991607666,23.229999542236328,22.3700008392334,22.43000030517578,22.43000030517578,6421000
2024-06-05,22.489999771118164,22.655000686645508,22.114999771118164,22.5,22.5,6113500
2024-06-06,22.5,23.219999313354492,22.399999618530273,22.6200008392334,22.6200008392334,4947800
2024-06-07,22.3700008392334,22.729999542236328,21.969999313354492,22.020000457763672,22.020000457763672,7580100
2024-06-10,22.010000228881836,22.81999969482422,21.920000076293945,22.559999465942383,22.559999465942383,7121000
2024-06-11,22.40999984741211,22.514999389648438,22.059999465942383,22.200000762939453,22.200000762939453,5841600
2024-06-12,23.0,23.190000534057617,22.420000076293945,22.600000381469727,22.600000381469727,7568500
2024-06-13,22.5,22.774999618530273,21.31999969482422,22.719999313354492,22.719999313354492,10521400
2024-06-14,22.459999084472656,22.760000228881836,21.969999313354492,22.719999313354492,22.719999313354492,8829800
2024-06-17,22.549999237060547,23.239999771118164,22.350000381469727,22.600000381469727,22.600000381469727,8019100
2024-06-18,23.420000076293945,24.979999542236328,23.341999053955078,24.040000915527344,24.040000915527344,14606900
2024-06-20,24.040000915527344,25.600000381469727,23.885000228881836,25.520000457763672,25.520000457763672,9575700
2024-06-21,25.459999084472656,25.69499969482422,24.860000610351562,25.540000915527344,25.540000915527344,8854200
2024-06-24,25.520000457763672,25.739999771118164,25.110000610351562,25.59000015258789,25.59000015258789,4634300
2024-06-25,25.450000762939453,25.93000030517578,25.25,25.790000915527344,25.790000915527344,5255400
2024-06-26,25.6200008392334,25.825000762939453,25.270000457763672,25.719999313354492,25.719999313354492,3130800
2024-06-27,25.770000457763672,26.18000030517578,25.565000534057617,25.719999313354492,25.719999313354492,4192200
2024-06-28,25.8799991607666,26.040000915527344,25.270000457763672,25.770000457763672,25.770000457763672,11069200
2024-07-01,25.829999923706055,25.940000534057617,25.190000534057617,25.459999084472656,25.459999084472656,3723800
2024-07-02,25.399999618530273,26.0,25.280000686645508,25.989999771118164,25.989999771118164,3217900
2024-07-03,25.989999771118164,26.290000915527344,25.190000534057617,25.309999465942383,25.309999465942383,3032400
2024-07-05,25.06999969482422,25.790000915527344,24.93000030517578,25.65999984741211,25.65999984741211,2942800
2024-07-08,25.75,25.84000015258789,25.219999313354492,25.40999984741211,25.40999984741211,3935200
2024-07-09,25.280000686645508,25.459999084472656,24.600000381469727,24.93000030517578,24.93000030517578,4348500
2024-07-10,25.010000228881836,25.03499984741211,23.510000228881836,23.860000610351562,23.860000610351562,8661300
2024-07-11,24.1299991607666,24.405000686645508,23.799999237060547,24.3700008392334,24.3700008392334,4755700
2024-07-12,24.549999237060547,25.364999771118164,24.295000076293945,25.219999313354492,25.219999313354492,5276800
2024-07-15,25.3799991607666,25.93000030517578,25.020999908447266,25.920000076293945,25.920000076293945,5115600
2024-07-16,26.219999313354492,27.389999389648438,26.040000915527344,27.299999237060547,27.299999237060547,11019900
2024-07-17,27.030000686645508,27.190000534057617,26.059999465942383,26.6200008392334,26.6200008392334,5658800
2024-07-18,27.760000228881836,27.8799991607666,26.28499984741211,26.510000228881836,26.510000228881836,10749700
2024-07-19,26.420000076293945,27.4950008392334,26.229999542236328,27.170000076293945,27.170000076293945,5519400
